time,seconds_elapsed,roll,rotationRateZ,quaternionY,rotationRateY,quaternionZ,quaternionW,yaw,devicelocation,accelerationZ,pitch,gravityX,gravityZ,quaternionX,rotationRateX,accelerationX,gravityY,accelerationY
1746738742507569200,0.557569091796875,0.07220113489031377,0.014367419295012951,0.03589503123886571,-0.06603962928056717,-1.1208462276582334e-17,0.9975279890257228,0.004368644750095575,right,0.009113132953643799,-0.12081362051911507,0.7022792311914264,-9.709804659751057,-0.060409300981996525,0.19095544517040253,-0.014098327606916428,1.181896100553125,-0.014559522271156311
1746738742547569200,0.597569091796875,0.0711523232298168,0.030348889529705048,0.03536481834385722,-0.02126355841755867,0.00038100575262550284,0.9976705280401508,0.004919525811732284,right,0.009500324726104736,-0.11663084550479236,0.6924404856789856,-9.715382167622446,-0.05833266275176354,0.09368688613176346,-0.006496459245681763,1.1411658846274018,0.007712103426456451
1746738742587569000,0.63756884765625,0.0600386940775166,-0.011944539844989777,0.02985469116324736,0.05340712144970894,0.0005744896480236732,0.9981162482806409,0.0043719056779302325,right,0.0006289482116699219,-0.10715461623559351,0.5850493841594084,-9.732835406726599,-0.05359294386920648,-0.08489689975976944,0.01006503775715828,1.0488172712758184,0.01954999566078186
1746738742627569200,0.677569091796875,0.06349727930511105,-0.03562579303979874,0.0315897879419831,0.031095337122678757,-0.00024266892987593268,0.9977366239193833,0.0032892974919779805,right,-0.008924365043640137,-0.11874637520754065,0.6178946555215865,-9.71796692341864,-0.05936044115585903,-0.054546184837818146,0.0074727460741996765,1.161768600738421,-0.014116056263446808
1746738742667569200,0.717569091796875,0.06568204280093701,-0.008505823090672493,0.032688811741404936,0.003756122663617134,-0.0005423451238299939,0.9976474123807225,0.002878093585086525,right,-0.0037292838096618652,-0.1205540659238429,0.6389857396714389,-9.714482588434219,-0.060255162090495064,-0.0263466015458107,0.006198309361934662,1.1793692854892461,-0.015520825982093811
1746738742707569200,0.757569091796875,0.06655583531180727,0.004245772026479244,0.033118249863128495,0.005303968209773302,-0.00039370404760594814,0.997677410380597,0.0031793883070019295,right,-0.001628100872039795,-0.11907237714344057,0.6475894634962082,-9.71565338577926,-0.05952080558264579,-0.020380282774567604,0.003707997500896454,1.1649429929908364,-0.009171262383460999
1746738742747569200,0.797569091796875,0.06742901994027717,0.01699736714363098,0.03354765990690127,0.00685181375592947,-0.00024504890999720334,0.9977066747181559,0.003479353189624716,right,0.00047028064727783203,-0.11759042140138666,0.6561883650153875,-9.716796126073598,-0.05878640133986529,-0.014413964934647083,0.0012181773781776428,1.1505116589911282,-0.002821192145347595
1746738742787569200,0.837569091796875,0.06921042764134236,0.007810376118868589,0.034415613133178216,0.03073974885046482,0.0001589573394557268,0.9977343091458898,0.00432494551768891,right,0.0001780986785888672,-0.11559684747050233,0.6736541713401675,-9.717880414178968,-0.057806228199222175,-0.03543410450220108,0.0035154223442077637,1.1310940610114484,0.0026088133454322815
1746738742827569000,0.87756884765625,0.07042564042163811,0.005759293679147959,0.035017579601523484,0.04636407271027565,0.0002158616552171086,0.9977230203795918,0.004497382521829037,right,0.003356039524078369,-0.11525631732721892,0.6854900089539587,-9.717438515630365,-0.05763945728101353,0.01843646541237831,0.008764684200286865,1.127776826222241,0.00014450401067733765
1746738742867569200,0.917569091796875,0.07472335744500207,-0.007047979161143303,0.03718502189888667,0.06786847859621048,-0.00002958862064771021,0.9977933384926627,0.004056351701981934,right,-0.003960609436035156,-0.10999511420154429,0.727679264581576,-9.72018518399,-0.05500700386791059,0.15281277894973755,0.010675758123397827,1.0765089957997203,0.006308414041996002
1746738742907569200,0.957569091796875,0.07657176107386675,-0.010396083816885948,0.03812803807343782,0.017459876835346222,-0.0002541923376520181,0.9978606985268413,0.003562465312442524,right,-0.015215158462524414,-0.10620442226420085,0.7459516380488872,-9.722821962234377,-0.05310635941033653,0.14055858552455902,0.0049470216035842896,1.0395520148023962,0.006891608238220215
1746738742947569200,0.997569091796875,0.07652033017028322,-0.016927193850278854,0.038128836998286994,-0.08484730869531631,-0.0005533187854956802,0.9979616035721419,0.0028124473780140047,right,-0.021713197231292725,-0.10235224022791214,0.7457521699540317,-9.726781513515114,-0.05117002094727226,0.08173180371522903,-0.0073715075850486755,1.0019802629075945,0.002992294728755951
1746738742987569200,1.037569091796875,0.07397272402505277,-0.02917938120663166,0.03688624374890673,-0.09891492128372192,-0.0009853332264837449,0.9980433442352715,0.0017658517412482131,right,-0.01260608434677124,-0.10099668577201297,0.721069491053,-9.72999521486461,-0.050474953562737936,0.07853249460458755,-0.010459892451763153,0.9887554551534354,-0.0000860169529914856
1746738743027569200,1.077569091796875,0.0683749078358732,-0.06952895224094391,0.03415662157034931,-0.14380516111850739,-0.002020427888737397,0.9982133026168286,-0.0006908123310515322,right,-0.0031090378761291504,-0.09808491277311183,0.6667856007449329,-9.736710202333331,-0.04898236315503986,0.07306955009698868,-0.019821733236312866,0.9603420652914791,0.0047680288553237915
1746738743067569000,1.11756884765625,0.061918555394830356,-0.07531214505434036,0.031031616283074357,-0.09753391891717911,-0.0038362474470895512,0.9983699664354124,-0.004718376509486793,right,0.00859755277633667,-0.09571915131882704,0.6040474050201475,-9.74305226483643,-0.047745307811642074,0.03698629140853882,-0.013504106551408768,0.9372507472351193,-0.0002699345350265503
1746738743107569200,1.157569091796875,0.059226277117534476,-0.021137449890375137,0.02973592536100781,-0.019189268350601196,-0.004783552479055191,0.9984137270192402,-0.006753702612529591,right,0.0073645710945129395,-0.09541564705046453,0.5778310502784326,-9.744926826536656,-0.047568680193694986,0.03347845748066902,-0.008454184979200363,0.9342879519067704,-0.004529103636741638
1746738743147569200,1.197569091796875,0.059244038188873534,0.010439738631248474,0.029744173402088413,0.02354162558913231,-0.004777591913765307,0.9984393957298705,-0.006773174371329594,right,0.003315150737762451,-0.0943210501160181,0.5780643475776538,-9.745931619665026,-0.04702190626390285,0.050173625349998474,-0.004236944019794464,0.9236018688499927,-0.0011675134301185608
1746738743187569200,1.237569091796875,0.05926182485997221,0.042016927152872086,0.02975241643749868,0.06627251952886581,-0.004771648583684224,0.9984647635764408,-0.006792700618495146,right,-0.0007355809211730957,-0.09322645783012713,0.5782972064854577,-9.746924722355603,-0.04647511986996649,0.06686879694461823,-0.000019650906324386597,0.912914762879908,0.0021941959857940674
1746738743227569200,1.277569091796875,0.06265424976638916,0.05105523765087128,0.03139983351605428,0.08315099030733109,-0.0038424676868056033,0.9984975602531743,-0.004883244199619175,right,-0.005131661891937256,-0.08971175780989721,0.6115566846717149,-9.748048757949471,-0.04474230470693433,0.07839293777942657,0.0027213506400585175,0.8785914183218032,-0.0022460520267486572
1746738743267569200,1.317569091796875,0.06458621593014724,0.05037439614534378,0.0323352342057404,0.057498909533023834,-0.003208878223819746,0.9985191485341337,-0.0036004791934804953,right,-0.006921350955963135,-0.08744869249513039,0.6305151407070457,-9.748808636406064,-0.04362948783970561,0.08513054996728897,0.003067389130592346,0.85648531191051,-0.006589196622371674
1746738743307569200,1.357569091796875,0.06650128759532058,0.03970888629555702,0.033251818378573314,0.02337002009153366,-0.002256600840278008,0.998574092010517,-0.001739720513122272,right,-0.005823254585266113,-0.0835255357179466,0.6494019197456539,-9.750860892760754,-0.041698647384669586,0.0873110368847847,0.005119122564792633,0.818152804776281,-0.0047636330127716064
1746738743347569200,1.397569091796875,0.06735710992238059,0.018589608371257782,0.0336672160723326,0.021262062713503838,-0.0019255893478534296,0.9986097420453488,-0.001121644827877853,right,-0.003480970859527588,-0.08113048702608383,0.657876683428511,-9.75222867398262,-0.040512250275656615,0.062440574169158936,0.003558248281478882,0.7947449681166558,-0.005741648375988007
1746738743387569200,1.437569091796875,0.06821126414178479,-0.0025296714156866074,0.03408255074852556,0.019154107198119164,-0.0015945961393857603,0.9986436299907363,-0.0005057869984843943,right,-0.001145005226135254,-0.07873491973653476,0.6663342037156224,-9.75353449588418,-0.03932579051472834,0.03757011145353317,0.0019991323351860046,0.771327486845851,-0.006718680262565613
1746738743427569200,1.477569091796875,0.06962989386700931,-0.011706464923918247,0.03480203574339706,0.03097056970000267,-0.0018549423548408677,0.9986539159809268,-0.0010341449736660107,right,-0.001676023006439209,-0.07693053045599244,0.6802659176301211,-9.753951844513416,-0.03841448827422066,0.05018751323223114,0.001581542193889618,0.7536861047584563,-0.017325684428215027
1746738743467569200,1.517569091796875,0.07047252514623169,-0.015772178769111633,0.035233839335007726,0.02199973724782467,-0.0021086540135085634,0.99867700300905,-0.0015811065272967211,right,-0.004753172397613525,-0.07490734300216291,0.6885906053178013,-9.7548765581429,-0.03739383116391679,0.09812936186790466,-0.0013393983244895935,0.7339025230105966,-0.022426996380090714
1746738743507569200,1.557569091796875,0.07033075788753584,-0.0433773398399353,0.03519136489075425,-0.023942111060023308,-0.0027855287468954277,0.9987804063066299,-0.0031423475297344843,right,-0.004013121128082275,-0.06920225259347541,0.6874907543171197,-9.758991592246293,-0.03451758659375784,0.12463013827800751,0.005140393972396851,0.6780999717678874,-0.005479194223880768
1746738743547569200,1.597569091796875,0.06978819921102988,-0.029655801132321358,0.03495224480026654,0.00019102729856967926,-0.0037091264683012186,0.9988540412404366,-0.005150047728192897,right,-0.008012831211090088,-0.06519588782438984,0.6823797679789364,-9.761994865715502,-0.0324824371092001,0.014424636960029602,0.007850997149944305,0.6388995957579463,-0.0015897229313850403
1746738743587569000,1.63756884765625,0.06957068013082127,0.004723730962723494,0.034855301832528274,-0.01008753664791584,-0.004060813666616557,0.9988493246268452,-0.0058460504853113755,right,-0.0016083717346191406,-0.0656353377418823,0.6802367646008729,-9.761862179246544,-0.03269018577868125,-0.02615240402519703,-0.0007407143712043762,0.6431999233003706,-0.01612112671136856
1746738743627569200,1.677569091796875,0.06982269076531117,0.03748674690723419,0.03497066586251726,-0.0018446799367666245,-0.0037419269866262998,0.9988377596897949,-0.00518146591324766,right,-0.0036228299140930176,-0.06614699424395087,0.6826737824894488,-9.761361243987082,-0.03295683004236911,-0.009076442569494247,-0.0030799731612205505,0.6482067186117172,-0.01617228239774704
1746738743666802700,1.716802734375,0.06989525888605412,0.041378602385520935,0.034969379580137516,0.002094459719955921,-0.002602345222533565,0.9988451377908426,-0.0029080714232715766,right,0.0032503909897059202,-0.06583724354662832,0.6833961054146289,-9.761511466112733,-0.032841771054257035,-0.00019490171689540148,0.0003635822213254869,0.6451756803527474,0.004118169192224741
1746738743706802700,1.756802734375,0.06980240980812831,0.015136027708649635,0.034917512332147446,-0.003787335939705372,-0.002421438760830671,0.9988605344089558,-0.0025771706518455313,right,-0.003463923931121826,-0.06502642504031514,0.6825260445818304,-9.762093065392971,-0.032442720770790495,-0.0009758577216416597,0.0009756907820701599,0.6372413071569055,0.0057664066553115845
1746738743746802700,1.796802734375,0.069709292465752,-0.011106546968221664,0.034865639697285095,-0.009669131599366665,-0.0022405203628177855,0.9988756240637602,-0.0022461884906287482,right,-0.010178923606872559,-0.06421562045219477,0.6816527688786387,-9.762668819454312,-0.032043659846398585,-0.001756813726387918,0.0015881359577178955,0.6293066417001187,0.007414683699607849
1746738743786802400,1.836802490234375,0.06819577476383547,-0.015413317829370499,0.03412120966623904,-0.03902694955468178,-0.0025936183744902407,0.9988733336996486,-0.0029441359750415155,right,0.0014590620994567871,-0.06590597349618889,0.66680262494497,-9.762614458918572,-0.0328776809564203,-0.06334806978702545,-0.0012431591749191284,0.645848245852068,-0.0021340176463127136
1746738743826802400,1.876802490234375,0.06765913687503251,0.00472642295062542,0.03384480111646322,-0.023685352876782417,-0.002359059399948742,0.9988520589895329,-0.0024292587772572743,right,0.000851750373840332,-0.06776680402938873,0.6614811376612633,-9.761754627218842,-0.03381645134851802,-0.05545195937156677,-0.0013277530670166016,0.6640560296505689,-0.0009227544069290161
1746738743866802700,1.916802734375,0.06712338872772676,0.024866163730621338,0.03356836220150634,-0.008343754336237907,-0.002124498824706849,0.9988296269677167,-0.0019153175288088636,right,0.00024062395095825195,-0.06962789493057783,0.6561671030316502,-9.760857970640062,-0.034755184944986105,-0.04755584895610809,-0.0014131143689155579,0.6822640326447784,0.0002884864807128906
1746738743906802700,1.956802734375,0.06709712968090895,0.030827200040221214,0.03353227675460778,0.006034912541508675,-0.0015011268932970075,0.998808899247402,-0.0006254139290076739,right,0.002118825912475586,-0.0708980594498123,0.6558521918635815,-9.760002230593562,-0.03541118164003785,-0.022219421342015266,-0.00007867813110351562,0.6946893605843186,0.001451149582862854
1746738743946802700,1.996802734375,0.06738029845655645,0.012760281562805176,0.03365203486038218,0.005516055505722761,-0.0009090435875118074,0.9987984888355789,0.0005823301364491428,right,-0.0004597902297973633,-0.0712575934856006,0.6585990063536912,-9.759566761785745,-0.0356108483341424,0.0016007348895072937,0.0005468577146530151,0.6982062826640903,0.0010367855429649353
1746738743986802700,2.036802734375,0.06742195176092046,-0.003119919914752245,0.03366629681092385,-0.006611785851418972,-0.0007344822792311965,0.9987943865052747,0.0009401240094258529,right,-0.003948688507080078,-0.07145812951249378,0.658996115912497,-9.759399004003406,-0.035716999108500715,-0.017040260136127472,0.003100380301475525,0.7001678650606423,0.0034450292587280273
1746738744026802400,2.076802490234375,0.06715779632895684,-0.016638657078146935,0.033536421140724644,-0.016783108934760094,-0.0008289815177654773,0.9987794961923034,0.0007775673659118848,right,-0.006202638149261475,-0.0725328348415913,0.6563672287136316,-9.758816820201277,-0.036251069602863256,-0.03254105523228645,-0.0006412938237190247,0.7106798336595297,0.0016578808426856995
1746738744066802400,2.116802490234375,0.06696041103033484,-0.008062289096415043,0.03345207924418974,-0.0006730607128702104,-0.0012530188908530205,0.9987628699823682,-0.0000429750348792605,right,-0.0015000104904174805,-0.07359966757468034,0.654389864226058,-9.758183782994747,-0.03677019263531647,-0.014490975998342037,-0.004249062389135361,0.7211139147166162,-0.00012067705392837524
1746738744106802700,2.156802734375,0.06691110468059032,0.00028613582253456116,0.033427925444742025,-0.005218180827796459,-0.0012785332550345487,0.9987560258722961,-0.00008198234829776514,right,-0.002077937126159668,-0.0740150074803695,0.6538886367056519,-9.75791665649116,-0.03697698347457863,-0.010754428803920746,-0.0048636943101882935,0.725175976523757,0.001237615942955017
1746738744146802700,2.196802734375,0.06684165408509665,0.009759888984262943,0.03338316928740227,-0.0025305941235274076,-0.001023373793455538,0.9987481639983378,0.0004431328641136176,right,-0.0024094581604003906,-0.0745153563741294,0.6531866259161383,-9.75759867658317,-0.037235658120514534,-0.010224809870123863,-0.003254994750022888,0.7300691553927957,0.0009879469871520996
1746738744186802700,2.236802734375,0.06666526564095047,0.009690526872873306,0.03328803401974452,-0.0007978829089552164,-0.0008437035025402671,0.9987451247451229,0.0008073187712027254,right,-0.0008549094200134277,-0.07484425736920274,0.6514494268599897,-9.757473588898778,-0.0374060554798576,-0.006330518983304501,-0.0013509318232536316,0.7332856332212686,0.0002667531371116638
1746738744226802700,2.276802734375,0.06682067076180259,-0.0025204189587384462,0.033358235636009634,-0.0015303515829145908,-0.000665360728992218,0.9987352993958772,0.0011835205138825261,right,-0.00642704963684082,-0.0752403442927434,0.6529463874194771,-9.757081374710797,-0.03761005707566615,-0.011003462597727776,-0.0031221285462379456,0.7371589675232768,0.0015728920698165894
1746738744266802400,2.316802490234375,0.06689179605601793,-0.0008686130167916417,0.03339719076227424,0.006280592642724514,-0.0007619837683565495,0.9987322402339713,0.000996014329143399,right,-0.007214009761810303,-0.07533912072846895,0.6536354656621813,-9.756962716767191,-0.037656226109189325,-0.003561209887266159,-0.0027806907892227173,0.7381248899459838,-0.0027219057083129883
1746738744305864200,2.3558642578125,0.06685270791458896,-0.008249661885201931,0.03338378581978574,-0.0018684158567339182,-0.0009352171584978475,0.9987267482006675,0.0006581357672612451,right,-0.001839325181208551,-0.0756530422013708,0.6532385752990841,-9.756756380540132,-0.03780736602250365,-0.01000567153096199,-0.0021543048787862062,0.7411946527801454,-0.004842220805585384
1746738744345864000,2.395864013671875,0.06650551991770094,-0.0067452676594257355,0.033219085022369046,-0.005723468493670225,-0.0011715190197006343,0.998724760602393,0.00018502873368727774,right,-0.0021842122077941895,-0.0760510039545701,0.6498314702693373,-9.756687406957148,-0.03799839780754007,-0.012346189469099045,-0.002286963164806366,0.7450861072607338,-0.004558265209197998
1746738744385864000,2.435864013671875,0.06615812829166846,-0.005240872967988253,0.03305437807567867,-0.009578521363437176,-0.0014078161063793095,0.9987226502187951,-0.0002882222791823692,right,-0.002529442310333252,-0.076448796368587,0.6464223924782126,-9.756616095286606,-0.038189422598099126,-0.014686708338558674,-0.002419397234916687,0.7489757351104169,-0.004274114966392517
1746738744425864000,2.475864013671875,0.06533871956146706,-0.0067863985896110535,0.03264802403108775,-0.03235853835940361,-0.0014545288031201338,0.9987434387681342,-0.0004258525869264741,right,-0.0032601356506347656,-0.07605843809751278,0.638446518228203,-9.757433256888389,-0.03799281667902656,0.020175311714410782,-0.00111350417137146,0.7451588071707635,-0.002994447946548462
1746738744465864000,2.515864013671875,0.06437827277566473,0.003992481157183647,0.03217431777231239,-0.01666378043591976,-0.0015630305085367804,0.9987787295531464,-0.0007136038687077693,right,0.00018543004989624023,-0.07500391213417994,0.6291249284576624,-9.758820911854505,-0.03746226632277675,0.04000753536820412,0.0033167749643325806,0.7348468911886215,-0.004503019154071808
1746738744505864000,2.555864013671875,0.06416288580134748,0.04235279560089111,0.032052642548510084,-0.0008043557172641158,-0.001109869644617286,0.9988239758963028,0.0001139463609595031,right,-0.006624996662139893,-0.07276688248514816,0.627126813443005,-9.760572139436006,-0.03635852548636962,0.03369791805744171,0.003966175019741058,0.7129689675100147,-0.004871353507041931
1746738744545864000,2.595864013671875,0.06392519708733417,0.06806879490613937,0.031891570230575116,0.005731301382184029,0.0000972577641655909,0.9988429284813555,0.0024965603608122877,right,-0.0031480789184570312,-0.07196045819330012,0.6248433786809444,-9.76129168588221,-0.03599393361198703,0.04219522699713707,0.004326462745666504,0.7050813560653477,-0.00873766839504242
1746738744585864200,2.6358642578125,0.06368561221506969,0.09378479421138763,0.03173045160246766,0.012266959995031357,0.0013043719257024725,0.9988603614979862,0.004879203518173107,right,0.00032824277877807617,-0.07115462194835616,0.6225406546965241,-9.762004802587628,-0.035629290190609585,0.05069253593683243,0.00468870997428894,0.697199005317688,-0.012604523450136185
1746738744625864000,2.675864013671875,0.0636275212099088,0.0802873969078064,0.031623361211348074,-0.020267054438591003,0.0036105779173389576,0.9988768926246943,0.009456070133905774,right,-0.003173649311065674,-0.06994360121544296,0.6220267868902534,-9.76287632472515,-0.03509688946625994,-0.017538772895932198,-0.001035645604133606,0.68535250017941,0.009192831814289093
1746738744665864000,2.715864013671875,0.06380876604078597,0.07248212397098541,0.031664845140505306,-0.014528954401612282,0.004887469539084181,0.9988514817707557,0.012050429337361621,right,-0.001650691032409668,-0.07091855314115644,0.6237533184219152,-9.76209248087108,-0.03562523785450261,-0.03038981556892395,-0.0037288442254066467,0.6948898515924811,0.008079171180725098
1746738744705864000,2.755864013671875,0.0639925455080305,0.06467685103416443,0.03170626354926027,-0.008790855295956135,0.006164335452899096,0.9988241276990116,0.014645113140708453,right,-0.00012892484664916992,-0.0718930299316626,0.625503815351054,-9.761296946579217,-0.0361535173587565,-0.043240856379270554,-0.006424490362405777,0.7044217961780727,0.006966054439544678
1746738744745864000,2.795864013671875,0.06410478101578793,0.051180172711610794,0.031696252385750176,0.011083015240728855,0.007636751213888396,0.9987708065041133,0.017670918837388683,right,0.006683707237243652,-0.07416028709890139,0.6264954567369073,-9.759607678318023,-0.03733411156029501,-0.0491250678896904,-0.00439298152923584,0.7265967300418764,-0.0038518384099006653
1746738744785864000,2.835864013671875,0.06449609382394873,0.05324266478419304,0.03183620724050979,0.0021373056806623936,0.008914005201239946,0.9987319841959097,0.020281773706396455,right,-0.003419220447540283,-0.07534129540877581,0.6302586817279457,-9.758498840293287,-0.03796695024359041,-0.010200673714280128,-0.008688487112522125,0.7381461519297212,-0.008207380771636963
1746738744825864200,2.8758642578125,0.06428440787864517,0.051334019750356674,0.03169951435382396,-0.018412329256534576,0.009671401638490187,0.9987216581583371,0.021801859003474762,right,-0.0015980005264282227,-0.07569189622927992,0.6281763224959374,-9.758373168087005,-0.03816518712347406,-0.010209496133029461,-0.006959877908229828,0.7415745920084417,-0.005188509821891785
1746738744864936400,2.9149365234375,0.06374712265045696,0.044137176126241684,0.0313869010276989,0.002234090119600296,0.01081682630853618,0.9987160621635561,0.024079202979081973,right,0.002859631786122918,-0.07581868857442635,0.6229271697960793,-9.758615160149334,-0.038261666839833716,-0.0002078954130411148,0.0028947540558874607,0.742814436001703,-0.001586313359439373
1746738744904936200,2.954936279296875,0.06441699523933789,0.019607748836278915,0.03170014663235342,0.010795165784657001,0.01130242906269244,0.998694545293248,0.025086739226710297,right,-0.0007762312889099121,-0.07610631110388553,0.6294502879545092,-9.757982122942805,-0.03842488172915522,-0.012278520502150059,0.003387242555618286,0.7456269361391663,0.0015576109290122986
1746738744944936200,2.994936279296875,0.06508717182992325,-0.004921680316329002,0.03201338031965994,0.019356241449713707,0.011788031554661462,0.9986726631165939,0.026094498004713775,right,-0.004412710666656494,-0.07639325597004751,0.6359757442004979,-9.757344409561156,-0.038588080806297165,-0.024349145591259003,0.0038795098662376404,0.7484327142748981,0.004702232778072357
1746738744984936200,3.034936279296875,0.06636426492645203,-0.03486238792538643,0.032656088238311336,0.025358853861689568,0.011418654760056072,0.9986351089290133,0.02544072506393014,right,-0.0017944574356079102,-0.07748060156971241,0.6483819290481507,-9.755706579226255,-0.03912784501763355,-0.016662241891026497,0.0014122352004051208,0.7590643637306987,-0.0009787678718566895
1746738745024936200,3.074936279296875,0.0668801153908989,-0.03851894289255142,0.0329362469046121,-0.00043621473014354706,0.010711997785004507,0.998621916790594,0.024067457126918435,right,-0.009230494499206543,-0.07812243908827762,0.6533816370315849,-9.754882403361798,-0.03942864810646222,-0.012949292548000813,0.0006442070007324219,0.7653395715426653,-0.0017132163047790527
1746738745064936200,3.114936279296875,0.06620588666537736,-0.039294321089982986,0.0326315551642265,-0.00682463962584734,0.009729351322881143,0.9986220986986388,0.022108919933000057,right,0.0023140311241149902,-0.07919710351593218,0.6467496516712009,-9.754494280827045,-0.03992967286843506,-0.023579496890306473,0.001285843551158905,0.7758458410531281,-0.0072803497314453125
1746738745104936400,3.1549365234375,0.06578528460724269,-0.022988680750131607,0.0324356585174076,0.006725179962813854,0.009283321714319727,0.9986211533108993,0.02121921839306823,right,0.005206763744354248,-0.07980915537256046,0.6426155475411564,-9.754289698165655,-0.04021879533819644,-0.008968129754066467,0.002642914652824402,0.7818290801811962,-0.008581243455410004
1746738745144936400,3.1949365234375,0.06646121914316726,-0.00620291568338871,0.03277880400782669,0.02171069011092186,0.00903173997453026,0.9986002560921761,0.020762893548078944,right,-0.001351475715637207,-0.0804126975771191,0.6491771710790694,-9.753380766627192,-0.04051579377049942,-0.026354815810918808,-0.0011686831712722778,0.7877288057442754,0.004738554358482361
1746738745184936200,3.234936279296875,0.06767856459463088,-0.02686101198196411,0.033396089018838206,0.023439813405275345,0.00854319303313643,0.9985542486155652,0.019884308674192865,right,0.00024759769439697266,-0.08188700959641755,0.6609707039210945,-9.751413850468397,-0.0412426984024062,-0.022047648206353188,0.000870831310749054,0.8021393161516636,0.002141125500202179
1746738745224936200,3.274936279296875,0.068392825884998,-0.026006534695625305,0.033774216928537694,0.014390690252184868,0.007852654744830536,0.9985261165632434,0.018567247485877975,right,-0.0023251771926879883,-0.08294290173367215,0.6678773415043949,-9.750088739344477,-0.04175066945864429,-0.03160640224814415,0.00019687414169311523,0.8124589039836079,0.004017867147922516
1746738745264936200,3.314936279296875,0.06874941536893846,-0.01101069524884224,0.033961791321810444,0.005391240119934082,0.0074055388996661165,0.9984920894980532,0.01773890154835502,right,-0.0006209611892700195,-0.08444752545572293,0.6712693220302463,-9.748619835835695,-0.04248917020395397,-0.03210166096687317,-0.002316392958164215,0.82716262518391,-0.0026014745235443115
1746738745304936200,3.354936279296875,0.06904780148665382,0.012338057160377502,0.0341036241004679,0.00261039100587368,0.007451873198138771,0.9984691270059356,0.017873200829038163,right,-0.00019598007202148438,-0.08527215505215861,0.6741308489412069,-9.747734869694709,-0.04290424289857107,-0.007070150226354599,-0.00197003036737442,0.8352203324984758,-0.0014250501990318298
1746738745344936400,3.3949365234375,0.06917540349857565,0.013437950983643532,0.0341534598077141,-0.0014004544354975224,0.00777566433188768,0.9984650008471135,0.018526319851243995,right,-0.0025728344917297363,-0.08524526249186223,0.6753762458924204,-9.747671156808734,-0.04290244969364681,0.00011815037578344345,-0.0015266165137290955,0.8349575899090618,0.004419796168804169
1746738745384936400,3.4349365234375,0.06922389954984566,-0.010859053581953049,0.03417711012913375,0.004307197406888008,0.007815160881292452,0.9984679472288984,0.018600770182740246,right,0.00037747621536254883,-0.085052579471807,0.6758600838866085,-9.747799167102574,-0.04280771946326359,0.00599257368594408,-0.0005056485533714294,0.8330748449023813,0.003097720444202423
1746738745424936200,3.474936279296875,0.06940971471238376,-0.03760091960430145,0.03429317846210108,0.010834254324436188,0.0073042079624012135,0.9984743041290806,0.01757586896718787,right,0.0009669661521911621,-0.08478490868559692,0.6776867878571152,-9.747895028692483,-0.042657249534387015,0.007089482620358467,0.0006174817681312561,0.8304594017069786,0.0024623051285743713
1746738745464936200,3.514936279296875,0.07006396356575295,-0.05656201392412186,0.034663331910867644,0.024772867560386658,0.006266356883034317,0.9984692217276695,0.015526231559227456,right,-0.00223541259765625,-0.08482166383052352,0.6840620950426906,-9.747419227874278,-0.0426424835635595,-0.0006836578249931335,0.0013272538781166077,0.8308185173429549,-0.0017489790916442871
1746738745504936200,3.554936279296875,0.07101667938826267,-0.051957499235868454,0.0351900019695628,0.02434457279741764,0.005054305752881444,0.9984600672762556,0.013137809914645991,right,-0.004870772361755371,-0.08478643150526823,0.693350367065519,-9.746792620408534,-0.04258588213533267,0.0145250940695405,-0.00007956475019454956,0.8304742339499295,-0.00897468626499176
1746738745544936200,3.594936279296875,0.07156136462968131,-0.03620615229010582,0.03550528979325457,0.012614872306585312,0.004093788114381743,0.9984689581314067,0.0112127841050107,right,-0.003701627254486084,-0.08411354951961679,0.69869896155186,-9.74696856149733,-0.042217187142652005,0.021013088524341583,0.0020034760236740112,0.8238990202780813,-0.007751345634460449
1746738745584936400,3.6349365234375,0.07166388588021569,-0.027055993676185608,0.035589458276771915,0.006656097713857889,0.0033777912481748698,0.9984846337709294,0.009757246201576548,right,-0.00045877695083618164,-0.08340116789090639,0.6997400681026279,-9.747480018150807,-0.04183586800520307,0.018574083223938942,0.0038150399923324585,0.8169374376371502,-0.009663835167884827
1746738745624936400,3.6749365234375,0.07178959462002305,-0.01288593653589487,0.0356697927720868,0.0009845779277384281,0.0030029950667439134,0.9984945527067935,0.00899266285742545,right,0.0008857250213623047,-0.08287150368657942,0.7009963517740369,-9.747821963456273,-0.04155801979045012,0.008332605473697186,0.0018321424722671509,0.8117611309777945,-0.0060250163078308105
1746738745664936200,3.714936279296875,0.07172634635068549,-0.01754169911146164,0.03564986928941879,-0.00890875793993473,0.0027686486171553952,0.9985070142991295,0.008502170945511475,right,-0.0016518831253051758,-0.0823594783741306,0.7004095648620278,-9.748279644095897,-0.04129355335013289,0.00815464649349451,0.003411531448364258,0.8067570390801876,0.0010437965393066406
1746738745704936200,3.754936279296875,0.07132736989125725,-0.023589011281728745,0.03547002788636548,-0.014847848564386368,0.0023300255123618017,0.9985205962494748,0.0075978194366739275,right,-0.0027646422386169434,-0.0820999329605143,0.6965350615162402,-9.748766550830005,-0.04114738616147787,0.0007253321819007397,0.0017374977469444275,0.8042203602094202,-0.0009947270154953003
1746738745744936200,3.794936279296875,0.07065004765720265,-0.010337399318814278,0.035146366322271284,-0.016578609123826027,0.0019674684126684506,0.9985267992314716,0.006855060591618418,right,-0.0018552541732788086,-0.0824193031171121,0.6899136706151068,-9.748979316797852,-0.041292993846098656,-0.01853935606777668,0.0006013214588165283,0.8073417071003466,-0.00038783252239227295
1746738745784936200,3.834936279296875,0.06992262936503071,0.002647140994668007,0.03478116306684615,-0.023324476554989815,0.001937398335795146,0.998513965775191,0.006808155283261104,right,-0.0038079023361206055,-0.08365529938685341,0.6827516700312495,-9.748476043450832,-0.04190854281795596,-0.037725843489170074,-0.0011351630091667175,0.8194209250159561,-0.00040130317211151123
1746738745824936400,3.8749365234375,0.06910655136209812,0.015960481017827988,0.034360559280079174,-0.02405608259141445,0.0021803145742027115,0.9985039749429588,0.007299541368090317,right,-0.0017467141151428223,-0.0847811024100315,0.674731810509041,-9.748103703007102,-0.042478252093564664,-0.019919659942388535,-0.00194472074508667,0.8304221384365111,-0.0013380050659179688
1746738745864936400,3.9149365234375,0.06812977978150378,0.023387927561998367,0.03385064993056,-0.024904681369662285,0.002677700577557214,0.9985075791964192,0.00827342244505267,right,-0.0017440319061279297,-0.08534125278353642,0.6651780194178223,-9.74829250357747,-0.04277332700914303,-0.017403023317456245,-0.001347273588180542,0.8358955283463001,0.004052124917507172
1746738745904936200,3.954936279296875,0.06739539129840122,0.014838358387351036,0.033463549808379414,-0.015993967652320862,0.003109034213988504,0.9985036201963411,0.009129962876932098,right,-0.0002808570861816406,-0.08605064417952836,0.6579786824982613,-9.748183782505988,-0.043140837781942734,-0.020806262269616127,-0.0013860836625099182,0.8428267158489674,0.003492690622806549
1746738745944936200,3.994936279296875,0.06693505327703893,0.012705037370324135,0.03321908514447653,-0.01130245253443718,0.003419223228269331,0.998501059238237,0.009745836468298914,right,0.00036537647247314453,-0.08647982591955042,0.653466904162243,-9.74812416127324,-0.04336462075146328,-0.0033545084297657013,-0.0029783323407173157,0.8470199297551065,0.0006421580910682678
1746738745984936200,4.034936279296875,0.06680950608552717,0.001526709645986557,0.03314773841800694,0.001985863782465458,0.0036245890262348625,0.9985031820951168,0.010150592074652605,right,0.0004246830940246582,-0.08644595008113984,0.6522449611518532,-9.748234635910391,-0.04335420191471824,0.0016215667128562927,-0.0023265108466148376,0.8466889442350715,0.003098785877227783
1746738746024936200,4.074936279296875,0.06697582090496458,-0.012178768403828144,0.03323602711121519,0.004868165124207735,0.003498814666787943,0.9985004939669595,0.009906325706224654,right,-0.0006044507026672363,-0.08645896838934555,0.653865475025773,-9.748114808923006,-0.04335694718758076,0.00263990368694067,-0.002975665032863617,0.8468161508113146,-0.00186225026845932
1746738746064936200,4.114936279296875,0.06709132265751903,-0.016830403357744217,0.03331026035366273,0.0025373995304107666,0.003142048874403695,0.9985065821699858,0.009186033908209339,right,-0.0006296038627624512,-0.08614189999987303,0.6550093843638897,-9.748307116624712,-0.04318686078085733,0.008644402958452702,-0.004116028547286987,0.8437183309264481,-0.0015564188361167908
1746738746104936400,4.1549365234375,0.06722742608899614,-0.022057104855775833,0.03339614224982657,0.0002596138510853052,0.002727218391392398,0.998506177247846,0.008359893301954368,right,-0.0010308623313903809,-0.08610864746187802,0.6563380756843835,-9.748245741826295,-0.04315668465377697,-0.005264440551400185,-0.0033934786915779114,0.8433934828862547,-0.002437695860862732
1746738746144936400,4.1949365234375,0.0678192163950483,-0.012330696918070316,0.03370330785739683,0.018476130440831184,0.0024113862007958727,0.9984883008740941,0.007766701470285446,right,-0.0022158026695251465,-0.08651478161942946,0.6620835605338216,-9.747512751376629,-0.043350253025295576,-0.012885317206382751,-0.0030703768134117126,0.8473614366691559,0.00017002969980239868
1746738746184936200,4.234936279296875,0.06849525083603396,-0.006484490819275379,0.03404784605607554,0.013880087994039059,0.0022061443813795527,0.9984692236785742,0.007397752819194101,right,-0.0016094446182250977,-0.08688692939353074,0.6686514676820486,-9.746747612223029,-0.043530573791787715,-0.0009208871051669121,-0.0018678158521652222,0.8509972358882427,-0.001317352056503296
1746738746224936200,4.274936279296875,0.06898134955478702,-0.012282805517315865,0.03429971105638046,0.007867909967899323,0.0019866293946202984,0.9984618994287316,0.006978380196089751,right,-0.001918196678161621,-0.08686214373221805,0.6733906980983912,-9.746442491796612,-0.04351154360561514,0.0009419379057362676,-0.0014113858342170715,0.85075509769544,-0.00038076937198638916
1746738746264936200,4.314936279296875,0.06918642777658104,-0.006104854866862297,0.034413198516977314,0.003101928625255823,0.0017321414879713185,0.998460304172103,0.006475204491238824,right,-0.0013881921768188477,-0.08679447524715252,0.6753934892881661,-9.746361827775836,-0.043469308921970345,0.005694692488759756,-0.0022913217544555664,0.8500940034382045,-0.00391601026058197
1746738746304936200,4.354936279296875,0.06936543576730271,0.010497638955712318,0.03450238351420508,0.00042455573566257954,0.0017558740282317955,0.9984642325755195,0.006519179177915445,right,-0.00659489631652832,-0.08646847708972993,0.6771572840902954,-9.746516726076603,-0.043307475122789776,0.012230673804879189,-0.006777331233024597,0.8469090167265385,-0.005342565476894379
1746738746344936400,4.3949365234375,0.06897694714001218,0.01890750788152218,0.034299654045412416,-0.01429751142859459,0.0020369759133060652,0.9984905274252043,0.00703288590721574,right,-0.002922654151916504,-0.08553039625293567,0.6734253310203552,-9.74756711191237,-0.04284762097074654,0.031809624284505844,-0.007285423576831818,0.8377436404310167,-0.00802581012248993
1746738746384936400,4.4349365234375,0.0685030577574256,0.01652560941874981,0.03405417292541666,-0.0022571543231606483,0.0023938608688388774,0.9985353213417602,0.007666327227745799,right,0.0007671713829040527,-0.08375663500647884,0.6689066114868968,-9.749352241763471,-0.04197236771140344,0.04482061415910721,-0.005244433879852295,0.8204112512275576,-0.0029340311884880066
1746738746424936200,4.474936279296875,0.0686412693639891,0.007047935388982296,0.03412058543139029,0.010924698784947395,0.0025832171060974113,0.9985655752047774,0.007996218945972473,right,-0.00023549795150756836,-0.08215703705909742,0.670343220161274,-9.750556941378116,-0.04117953212641878,0.02856197953224182,-0.005645908415317535,0.8047785055488348,-0.00029192864894866943
1746738746464936200,4.514936279296875,0.06924174783735813,0.009691186249256134,0.0344192387846149,0.022538699209690094,0.0026815733818855406,0.9985750311635271,0.008183721508439394,right,0.001980423927307129,-0.08117266858427713,0.676252590335533,-9.750938049650191,-0.04069206103321245,0.026816029101610184,-0.003055967390537262,0.7951572752445936,-0.005400612950325012
1746738746504936200,4.554936279296875,0.07032196020958831,0.014289956539869308,0.03495236147173314,0.024714382365345955,0.002902088155750142,0.9985763614816808,0.00863313062506863,right,-0.004245936870574951,-0.08014639558049744,0.6868423003457487,-9.751010530364512,-0.04018895962354083,0.021542377769947052,0.0003010183572769165,0.7851257105737924,-0.0020281821489334106
1746738746544936200,4.594936279296875,0.07099552264769372,0.017599670216441154,0.03528018355817476,0.010869159363210201,0.0031980885620769167,0.9985848659570913,0.009214911398570388,right,-0.002322554588317871,-0.07907680706730078,0.6934691711395978,-9.751378194633126,-0.03966617197896305,0.03319349139928818,0.0025844424962997437,0.774669856076315,-0.001618310809135437
1746738746584936400,4.6349365234375,0.07137612112113219,0.020341474562883377,0.035462116574303176,0.010879145003855228,0.0035546668411292207,0.9986088983898493,0.00988525308672744,right,0.0005767345428466797,-0.07743463259612042,0.6972703169882297,-9.752368959236145,-0.038858748079410255,0.043495193123817444,0.005879513919353485,0.758614939462766,-0.0007371753454208374
1746738746624936400,4.6749365234375,0.07192130935923571,0.020613374188542366,0.035726415972542204,0.0067275045439600945,0.003961627387481653,0.9986368285523172,0.010647024124835917,right,-0.0039331912994384766,-0.07537527924566562,0.7026978219296783,-9.753525143533945,-0.03784508721783451,0.0489201694726944,0.0026767924427986145,0.738478452624008,0.0012893453240394592
1746738746664936200,4.714936279296875,0.07207406069759804,0.007671186700463295,0.035800210114506924,-0.005303765647113323,0.004237783570491182,0.9986693943133315,0.011134852434446285,right,0.00037223100662231445,-0.07341641641238553,0.7042904979486018,-9.754841486829518,-0.03687602205421831,0.04411996155977249,0.0017185583710670471,0.719321697537601,0.0018794164061546326
1746738746704936200,4.754936279296875,0.07199742856735995,-0.01595451310276985,0.035770588563760995,-0.008129814639687538,0.00415291266259016,0.9986956035460858,0.010913215120383327,right,0.00018519163131713867,-0.07206773086863759,0.7036120872303843,-9.755854463264345,-0.0361984509328887,0.023352153599262238,0.0030782371759414673,0.7061306459225714,-0.00021657347679138184
1746738746744936200,4.794936279296875,0.07235036772138101,-0.015392744913697243,0.035959391937354056,0.012253595516085625,0.003837852822175371,0.998696929847954,0.010282114840354429,right,0.0010753273963928223,-0.07171181165969263,0.7070734066653996,-9.755855632308124,-0.03601011228643453,-0.0057825930416584015,0.003329820930957794,0.7026492335475981,-0.0019812360405921936
1746738746784936200,4.834936279296875,0.07306290879141983,-0.007813340052962303,0.03631973384969233,0.015527397394180298,0.003626059406192351,0.9986722197131036,0.009909209375550685,right,-0.0003129243850708008,-0.07240741389348286,0.7139888120770455,-9.754859607008099,-0.03635204527843313,-0.02524978294968605,0.0029931291937828064,0.7094530683435499,-0.004851788282394409
1746738746824936400,4.8749365234375,0.0737509735541007,0.00236379262059927,0.03666091988917888,0.011376634240150452,0.0035717991382160645,0.9986411826487881,0.009863616127816898,right,-0.0025886893272399902,-0.0734331696753906,0.720646662531048,-9.753635033649205,-0.03686463287378543,-0.022503022104501724,0.002301156520843506,0.7194855828624218,-0.0061964914202690125
1746738746864936400,4.9149365234375,0.07415859156980584,0.006187504157423973,0.03685630993480512,0.0043794093653559685,0.003704808487752854,0.9986192793967653,0.010173199634356185,right,-0.002654433250427246,-0.07418828406395561,0.7245818830881268,-9.752795660215616,-0.03724809909861929,-0.01627204194664955,0.003875911235809326,0.7268705785471946,-0.0028393417596817017
1746738746904936200,4.954936279296875,0.07430497152097962,0.00851747952401638,0.036918831512765544,-0.0003770841285586357,0.00391683825603789,0.9986040548136746,0.01062692895622606,right,-0.0040135979652404785,-0.07482044670589892,0.7259752371426671,-9.75222925850451,-0.037572382842969716,-0.017266342416405678,0.0019024237990379333,0.7330527743134647,-0.002377130091190338
1746738746944936200,4.994936279296875,0.0738703345564254,0.01094902865588665,0.03669285998301292,-0.015070406720042229,0.0041172446739551356,0.9986035000811979,0.011027389411456699,right,-0.004320025444030762,-0.0752360509532845,0.7217139264363795,-9.752239195376633,-0.03778638844780283,-0.004759280011057854,0.0005720183253288269,0.7371169550124556,-0.005478411912918091
1746738746984936200,5.034936279296875,0.07324292423140892,0.01614074595272541,0.036369074075927925,-0.016375770792365074,0.00440784891612027,0.9986138635251572,0.011585404066660112,right,-0.0032199621200561523,-0.07522899249916093,0.7155955166213214,-9.75269512245059,-0.03779172089941956,0.0007610335014760494,-0.0011831000447273254,0.7370479814294725,-0.0035824403166770935
1746738747024936200,5.074936279296875,0.07255936851042645,0.014185593463480473,0.036014859972137006,-0.015692591667175293,0.0047509201798664,0.9986228782192822,0.012250043940273448,right,-0.0010296106338500977,-0.07532265345806108,0.7089238568376749,-9.753113640123605,-0.03784895123382584,-0.0077429902739822865,-0.0017950013279914856,0.7379638541653752,-0.0028388500213623047
1746738747064936200,5.114936279296875,0.07206868106095823,0.009674819186329842,0.03575737415132103,-0.010853908956050873,0.005055389160203211,0.9986249232598895,0.01285145280491808,right,-0.0006883740425109863,-0.0756046263989533,0.7041230324272066,-9.75325217181146,-0.037999329547901424,-0.004346541129052639,-0.0029911771416664124,0.7407211900494992,-0.0035425424575805664
1746738747104936400,5.1549365234375,0.07163406264519492,0.008194747380912304,0.035531620237249664,-0.010330325923860073,0.005280362946720769,0.998629522937055,0.013289306399098385,right,-0.0010031461715698242,-0.07571069940222443,0.699878380594775,-9.753478966304659,-0.038058973694806174,-0.0012692124582827091,-0.003214411437511444,0.7417584241427481,-0.004221215844154358
1746738747144936400,5.1949365234375,0.0711672864777498,0.0067743416875600815,0.03529145856635588,-0.010844437405467033,0.005460048820418385,0.9986346401676213,0.013635749005595983,right,-0.0030124783515930176,-0.07583254900342733,0.6953191829204559,-9.753713944104314,-0.03812469189228563,-0.008368000388145447,-0.0013030022382736206,0.7429499720148742,-0.0026709511876106262
1746738747184936200,5.234936279296875,0.0707142479452276,0.008256192319095135,0.03505577046415972,-0.014157094061374664,0.005656277102541334,0.9986325232675797,0.014028440102312514,right,-0.0008442997932434082,-0.07630945212578738,0.6908752091236412,-9.753673612093925,-0.038368459966857685,-0.013589909300208092,-0.0022728368639945984,0.7476132145855575,-0.004708737134933472
1746738747224936200,5.274936279296875,0.07013638627507798,0.014154870063066483,0.03475447122522508,-0.013442166149616241,0.005943426470291002,0.9986327700077614,0.014596576482960552,right,-0.0015438199043273926,-0.076740936747036,0.6852160873834043,-9.753748430895804,-0.0385921427303721,-0.011870204471051693,-0.0025649741291999817,0.7518322935853153,-0.003966107964515686
1746738747264936200,5.314936279296875,0.06978044440946785,0.01013941504061222,0.03456367404903341,-0.002453708089888096,0.006222864797081076,0.9986278089099783,0.015159829394919106,right,-0.00006085634231567383,-0.07723443759556373,0.681718381460756,-9.753620420601964,-0.03884722816715829,-0.013350983150303364,-0.002825811505317688,0.756657521784678,-0.001696653664112091
1746738747304936200,5.354936279296875,0.069748022910235,0.0026110028848052025,0.03453843172481852,-0.002576728817075491,0.006370288762489167,0.9986150705323832,0.015476340789860508,right,-0.0035794973373413086,-0.07787441802636118,0.6813682528488337,-9.753157479265331,-0.03917213607668847,-0.01505950279533863,-0.0017557740211486816,0.7629147555485367,-0.002114593982696533
1746738747344936400,5.3949365234375,0.069565818541693,-0.006142009980976582,0.03444690589784434,-0.006035944446921349,0.006322382377512457,0.9986088892260669,0.015390564741670082,right,0.00012046098709106445,-0.07836781098269809,0.6795649297539145,-9.752904965808987,-0.039416428852713535,-0.011426279321312904,-0.001379266381263733,0.7677385224431753,-0.0005033016204833984
1746738747384936400,5.4349365234375,0.0692830389524982,-0.01203453354537487,0.03431045705160846,-0.0034011416137218475,0.006152314338579506,0.9986064498813577,0.015053713143641142,right,0.0011227726936340332,-0.07879464379394763,0.6767842129942029,-9.75276877220869,-0.039622872717784134,-0.003498670645058155,0.0010002627968788147,0.7719114242136478,-0.003439493477344513
1746738747424936200,5.474936279296875,0.06923316609386294,-0.0033716876059770584,0.03428821100680241,0.0010273284278810024,0.006051683946112536,0.9986026453534071,0.014859635891059295,right,0.0007619261741638184,-0.07906502733393884,0.6762833507999777,-9.752594000163674,-0.03975439081202225,-0.012002609670162201,0.00037276744842529297,0.7745547052640468,0.0003496631979942322
1746738747464936200,5.514936279296875,0.06935243044395953,0.00021764636039733887,0.03434431186788203,0.007870911620557308,0.006054007448557216,0.9985879104506392,0.014891403283584632,right,0.00025016069412231445,-0.07970432316216589,0.6774120625689626,-9.752017077058554,-0.04007448913904155,-0.018680892884731293,0.0007145106792449951,0.7808043402433394,0.00038076192140579224
1746738747504936200,5.554936279296875,0.06952993644548923,-0.00715591898187995,0.03443272220970281,0.0004126420244574547,0.005956984625656297,0.9985698332669429,0.014731616196916602,right,-0.002682328224182129,-0.08048581690638615,0.6791004540473222,-9.751285255652666,-0.04046245707722445,-0.01957392320036888,-0.00011296570301055908,0.7884436029501258,0.0008216500282287598
1746738747544936200,5.594936279296875,0.06951375149051321,-0.004221312236040831,0.03442686711873883,-0.001428847899660468,0.005811440600868944,0.9985561770212755,0.014465177049037157,right,-0.0031210780143737793,-0.08121939764179298,0.6789023011267185,-9.750716515854,-0.04082407838787205,-0.014463741332292557,0.000527113676071167,0.7956140060361474,-0.0010793954133987427
1746738747584936400,5.6349365234375,0.06936421751676418,0.0006965342909097672,0.03434841976207206,-0.007810770533978939,0.005818925316306981,0.9985441384023147,0.014499097592441912,right,-0.0028382539749145508,-0.081935089734253,0.6774045368496329,-9.750247729298472,-0.041181547468411045,-0.017134258523583412,0.000558510422706604,0.8026092717509716,-0.0012903958559036255
1746738747624936400,5.6749365234375,0.06912786849604169,0.004071224946528673,0.034224775875533645,-0.006322877947241068,0.005918118425736576,0.9985406317435797,0.01470000024111376,right,-0.003218531608581543,-0.08227841974450575,0.6750809892728924,-9.750131993964313,-0.04135570811779262,-0.0055484408512711525,0.00038617104291915894,0.8059647927239537,-0.0009699985384941101
1746738747664936200,5.714936279296875,0.06878076588007322,-0.003748261835426092,0.03405022450192957,-0.008986118249595165,0.005937955274991001,0.9985435478620616,0.014730311703129422,right,-0.0030131936073303223,-0.08242119807053891,0.6716887895513326,-9.75025065190792,-0.04142648026660183,-0.0031700197141617537,-0.000012680888175964355,0.8073602656703441,0.0015019699931144714
1746738747704936200,5.754936279296875,0.06836402380813532,-0.005540261976420879,0.03384686931196021,-0.008582462556660175,0.0058302989805288615,0.9985507726210504,0.014498173213800272,right,-0.0026820898056030273,-0.08244369305384378,0.6676240973956883,-9.75051134867072,-0.04143254772015931,0.0027168423403054476,-0.000649869441986084,0.8075801189661026,-0.0028622671961784363
1746738747744936200,5.794936279296875,0.06806222540785566,0.0009651933796703815,0.03369881856551289,-0.004315379075706005,0.005804984425075615,0.9985614849812356,0.01442589814000668,right,-0.002136051654815674,-0.08218014118649207,0.6646958619240672,-9.750924605646729,-0.041298865547521144,0.008655892685055733,-0.001054234802722931,0.8050042771287262,-0.003907650709152222
1746738747784936200,5.834936279296875,0.06791481089848785,0.005082360003143549,0.03362335404197463,-0.0048711602576076984,0.00589174507485091,0.9985700162373858,0.014582696951245932,right,-0.0024051666259765625,-0.08186278627766934,0.6632756929278373,-9.75127707234621,-0.041142624908401926,0.005950111895799637,0.00017489492893218994,0.8019025847863406,-0.0041776373982429504
1746738747824936400,5.8749365234375,0.06764932776609452,0.004652753006666899,0.033486789735390834,-0.005585542414337397,0.006015404995947182,0.9985772263282423,0.014813675675287534,right,-0.002974390983581543,-0.08169418072691145,0.660696051698178,-9.751587453469634,-0.04106152822014664,-0.00042022857815027237,0.00040862709283828735,0.8002546714488417,-0.003875941038131714
1746738747864936400,5.9149365234375,0.06725789618212903,0.0018143546767532825,0.03328943580243891,-0.006799593567848206,0.006070136196892004,0.9985835030256949,0.01490716923997405,right,-0.0013219118118286133,-0.08169333204927591,0.6568789776280521,-9.751845812144875,-0.041061482307674084,-0.0021962567698210478,-0.0007007122039794922,0.8002463420119136,-0.004206329584121704
1746738747904936200,5.954936279296875,0.06700632508564473,0.002456394489854574,0.03316029421288807,-0.003167017363011837,0.006150675165537546,0.9985853580676342,0.0150610164988101,right,-0.0012299418449401855,-0.08177867820689116,0.6544210630819202,-9.751942842778563,-0.041105886355115404,-0.007398196496069431,-0.0018505603075027466,0.8010805278137326,-0.004187151789665222
1746738747944936200,5.994936279296875,0.06682960785691454,0.0026278356090188026,0.033066809070528703,-0.001320450915955007,0.006234843920719496,0.9985801821453515,0.015234917965299005,right,-0.0007536411285400391,-0.08215213338543942,0.6526777265459298,-9.751759302905201,-0.041294676049094384,-0.012265143916010857,-0.0030184686183929443,0.8047305747538804,-0.004003286361694336
1746738747984936200,6.034936279296875,0.06689639490173345,-0.001144596841186285,0.03309604669462416,0.0024570757523179054,0.006278787644514821,0.9985699590907113,0.015340166837041888,right,-0.002997100353240967,-0.0825806792961998,0.6533058683816343,-9.75137059584856,-0.041510590154999416,-0.01538197509944439,-0.0037419497966766357,0.8089188932891934,-0.0017074942588806152
1746738748024936200,6.074936279296875,0.06684258587119438,-0.011073509231209755,0.03307115183887017,-0.005696794018149376,0.006161923650890033,0.9985598666453274,0.01512301780411821,right,-0.004570364952087402,-0.08314814503527625,0.6527504264559596,-9.750946232956647,-0.04179014986084449,-0.00955950003117323,-0.0038287192583084106,0.8144647639133036,-0.002911202609539032
1746738748064936200,6.114936279296875,0.06690685164763505,-0.006959281861782074,0.03311104229705952,0.007130692712962627,0.005943820556438907,0.9985549265115062,0.014697309690329447,right,-0.0011171698570251465,-0.08339799213956875,0.6533634437877684,-9.75070073376298,-0.04190804151993283,-0.0073053957894444466,-0.003625527024269104,0.8169064579769969,-0.0004942864179611206
1746738748104936400,6.1549365234375,0.06715654907945393,-0.0017820182256400585,0.033238805094324565,0.008915544487535954,0.005823836801394512,0.9985443293747079,0.014479078642335209,right,-0.00037598609924316406,-0.08374039110151531,0.6557793458230793,-9.750257666170597,-0.042076103566329,-0.008184640668332577,-0.0012204423546791077,0.8202524804692715,-0.00016637146472930908
1746738748144936400,6.1949365234375,0.06748757857889594,-0.004437418654561043,0.03340681312120266,0.006157679483294487,0.005718071220057914,0.9985334387840239,0.014290925659982884,right,-0.0023719072341918945,-0.08402634478665054,0.6589910744111984,-9.74980583074987,-0.04221668724930088,-0.004226509481668472,-0.001397460699081421,0.8230468604281544,-0.0011167973279953003
1746738748184936200,6.234936279296875,0.06751718722157758,-0.001247210195288062,0.03342578638162046,-0.002424033358693123,0.005616363835879152,0.9985331476897382,0.01408903811305522,right,-0.002138078212738037,-0.08404320249064094,0.6592788053113967,-9.749772513002156,-0.04222181500905071,0.002003165427595377,-0.0008689016103744507,0.8232116225358098,-0.0011266395449638367
1746738748224936200,6.274936279296875,0.06751314470195031,0.009420056827366352,0.03342049427019756,0.004409582354128361,0.005707330800337483,0.9985350754819076,0.014267184886739922,right,-0.0006417036056518555,-0.08392921458154669,0.6592457067593932,-9.749868374592065,-0.04216787196617917,-0.000055947573855519295,-0.0016965419054031372,0.8220977430097758,-0.0020063593983650208
1746738748264936200,6.314936279296875,0.06742802522109861,0.012263449840247631,0.0333705700560831,0.0035255970433354378,0.005890405624054403,0.9985363785692707,0.014628742611949092,right,0.00040835142135620117,-0.08388413783362458,0.6584183160245418,-9.749961313572525,-0.04215115785014796,0.0034961781930178404,0.0001430213451385498,0.8216572327006608,-0.0038445666432380676
1746738748304936200,6.354936279296875,0.06738531030557343,0.0006343238055706024,0.0333439796402404,-0.0028854673728346825,0.006031793876034882,0.99853896857199,0.01490572122364459,right,-0.003676176071166992,-0.08375452316757816,0.6580090045712887,-9.750095753607154,-0.04209093870669648,0.001495786476880312,-0.0004624277353286743,0.8203905737657099,0.0013050884008407593
1746738748344936400,6.3949365234375,0.06730426241200563,-0.010798989795148373,0.0333107095197389,-0.001086395001038909,0.005868775991755066,0.9985423623931058,0.014574098175594765,right,-0.0007274746894836426,-0.08370463693059492,0.6572215074554085,-9.750189861631393,-0.04206026448987566,0.006049534305930138,-0.001157321035861969,0.8199030825097113,-0.0004877746105194092
1746738748384936400,6.4349365234375,0.06743920018971637,-0.006547456607222557,0.033389958554874914,0.004479400813579559,0.0056385941937008325,0.9985511521236989,0.014102875575769004,right,-0.001872420310974121,-0.08323823257599545,0.658562912127003,-9.750481538054347,-0.041819935694766025,0.01548733375966549,-0.0006633251905441284,0.8153451269444077,-0.004408873617649078
1746738748424936200,6.474936279296875,0.06773220569584254,0.001110033132135868,0.033543762291312736,0.01033410057425499,0.005532532206887819,0.9985609055371613,0.013879416357179807,right,-0.0018714070320129395,-0.08255634570551308,0.6614572453290224,-9.750840434494615,-0.041476570567121944,0.015541955828666687,-0.0004677027463912964,0.8086810659453272,-0.004168413579463959
1746738748464936200,6.514936279296875,0.06810536243997521,-0.0015814565122127533,0.03373318027036171,0.005555983632802963,0.005508258314538728,0.9985649455912822,0.013829197890031477,right,-0.0033394694328308105,-0.08205852703825363,0.665123147425428,-9.750993579229712,-0.04122820902564512,0.0056199245154857635,0.00023230165243148804,0.8038156518660485,-0.002367250621318817
1746738748504936200,6.554936279296875,0.06828303126074815,-0.003176535479724407,0.03382719340031356,-0.00028721848502755165,0.005408598200762811,0.9985681845310777,0.013627311721918998,right,-0.0028185248374938965,-0.08177930865922703,0.6668708678755909,-9.751098793169856,-0.04108587731123341,0.004197111818939447,0.0012111440300941467,0.8010866652935743,-0.00340358167886734
1746738748544936200,6.594936279296875,0.06815897332323666,-0.001931463833898306,0.033772188909073554,-0.000983689446002245,0.005261427295025232,0.998574415278432,0.013321805628874101,right,-0.0017576217651367188,-0.0816152268550134,0.6656701137837022,-9.75131272818148,-0.04099846165068095,0.0017727611120790243,0.000560954213142395,0.7994829564239829,-0.003125004470348358
1746738748584936400,6.6349365234375,0.06808327505526776,-0.0006191448774188757,0.03373546255254999,-0.0008568037301301956,0.0052396513094461455,0.9985763498320396,0.013274263017881247,right,-0.0019223690032958984,-0.08159131383960236,0.6649332508765161,-9.751381701764464,-0.040985519335590304,-0.000604887492954731,-0.0008123964071273804,0.7992492207333445,-0.0020578578114509583
1746738748624936400,6.6749365234375,0.06787593872544308,0.003577555762603879,0.03363108720222979,-0.0013437590096145868,0.005281771149008346,0.9985825231327616,0.013345070464394176,right,-0.0006366372108459473,-0.08144399546159922,0.6629194268360734,-9.751637137830256,-0.04091261804225286,0.006058393511921167,-0.00026904791593551636,0.7978093241233378,-0.0006815195083618164
1746738748664936200,6.714936279296875,0.06750817573837535,-0.001729691168293357,0.03344791585345239,-0.015276086516678333,0.005305606009535157,0.9985934938002574,0.01336965823232021,right,-0.004254817962646484,-0.08120654626930288,0.659345806133002,-9.752068514984845,-0.040793499217560904,0.009982151910662651,-0.0018935203552246094,0.795488406895101,-0.0027628466486930847
1746738748704936200,6.754936279296875,0.06669868239580728,0.000835152342915535,0.033053496284750544,-0.011992981657385826,0.0051881576983107865,0.998626331716745,0.013070166102012476,right,0.00011205673217773438,-0.08027866743566137,0.6515002802643924,-9.753331666788458,-0.04032311084867404,0.030749404802918434,-0.0008865222334861755,0.7864186729937791,-0.003483399748802185
1746738748744936200,6.794936279296875,0.0661136014272312,0.0035661114379763603,0.03276501452983475,-0.012756080366671085,0.0052416409289811295,0.9986587491169905,0.013115002680372844,right,-0.0009862780570983887,-0.07911901595259926,0.6458535065490753,-9.75461469233632,-0.03974329650717451,0.02414873242378235,-0.0004433467984199524,0.7750824554651975,0.0007574111223220825
1746738748784936200,6.834936279296875,0.06571153368741199,-0.00381283275783062,0.0325669242562369,-0.008749695494771004,0.005274978163339079,0.9986809469127994,0.013139156531690599,right,-0.0008165836334228516,-0.07831575645420183,0.6419721350710839,-9.75549147517085,-0.03934154568988997,0.017268290743231773,-0.0003367513418197632,0.7672296230729669,0.0006529465317726135
1746738748824936400,6.8749365234375,0.06512620115892227,-0.006863411981612444,0.03228313916564143,-0.016286084428429604,0.005157616632752607,0.9987059723063189,0.012856052072115948,right,-0.0015155673027038574,-0.07755364927424241,0.6362996423926204,-9.756445999416709,-0.03895487809353003,0.018795005977153778,0.0007903352379798889,0.7597785764146596,-0.0018623396754264832
1746738748864936400,6.9149365234375,0.06448954597700722,0.009681660681962967,0.03196732816456293,-0.0162725318223238,0.0051981785711963735,0.9987298869038801,0.012889154495780318,right,-0.0031613707542419434,-0.07683702543885547,0.6301229265190661,-9.757390002268552,-0.038595913574249935,0.010190066881477833,0.0006556436419487,0.7527718394577503,-0.0016092509031295776
1746738748904936200,6.954936279296875,0.06378990786629746,0.015659712255001068,0.031608608650390606,-0.01789143495261669,0.00548467941085609,0.9987445792339548,0.01342737106803841,right,0.00033479928970336914,-0.07657364483721087,0.6233087895248085,-9.758025962084531,-0.038471077917208316,0.007849438115954399,-0.0026793889701366425,0.7501965090770274,-0.003257162868976593
1746738748944936200,6.994936279296875,0.0633417694259703,0.01129365898668766,0.03137510550440465,-0.012340113520622253,0.0058301837484005855,0.9987628281901587,0.014079958224933457,right,-0.0017246007919311523,-0.07588431210640981,0.6189683491677046,-9.758818573766947,-0.03813585523737665,0.01933753490447998,-0.0028183795511722565,0.7434560949061065,-0.00013436377048492432
1746738748984936200,7.034936279296875,0.0628860069655944,-0.004672888666391373,0.031148570790250414,-0.008682386949658394,0.0059051759953899444,0.9987838065635289,0.014188667822313369,right,-0.0021067261695861816,-0.07512591617231286,0.6145558664876968,-9.759659116244315,-0.03775749264598473,0.01138150691986084,-0.0016869232058525085,0.736039973430708,0.0029853656888008118
1746738749024936200,7.074936279296875,0.06266846517439846,-0.016019705682992935,0.031051799712192584,-0.00030218809843063354,0.005662594155599302,0.9987989643302978,0.013677209821602882,right,-0.00013309717178344727,-0.0745726970937492,0.6124580904908478,-9.760197460904717,-0.037472639098278464,0.016343601047992706,-0.0031484588980674744,0.7306299310807138,-0.0024889707565307617
1746738749064936200,7.114936279296875,0.06265835471714858,-0.01202354021370411,0.031062006906889747,0.0037117372266948223,0.00535758507736561,0.9988167617373344,0.013038914829100625,right,-0.0016176104545593262,-0.07371253691267769,0.612398542323336,-9.760827575501798,-0.03703313723600558,0.02606762945652008,-0.004627205431461334,0.7222178573705256,-0.005463249981403351
1746738749104936400,7.1549365234375,0.06277155948560502,-0.00613259244710207,0.031129611972291246,0.004635215271264315,0.005180194268522844,0.9988352176165035,0.012654449335274098,right,-0.0003286004066467285,-0.07265459787814588,0.6135510733593255,-9.76151497324407,-0.03649911824565596,0.025671785697340965,-0.004220414906740189,0.7118707239445299,-0.006984800100326538
1746738749144936400,7.1949365234375,0.0629838616178825,0.0029689371585845947,0.031239592163852033,0.00619384553283453,0.005159664610645894,0.9988460256229938,0.012596386548840903,right,-0.001762092113494873,-0.07187573502285555,0.6156582017064094,-9.761935244482755,-0.036109787860976454,0.009905099868774414,-0.003640953451395035,0.7042526501562446,-0.005471646785736084
1746738749184936200,7.234936279296875,0.06319884587670767,0.0008488264866173267,0.031345057876822804,0.005112604238092899,0.005211449557563199,0.9988428708874626,0.012707026969961371,right,-0.0018241405487060547,-0.07184992408783461,0.6177580235298723,-9.761820678192377,-0.036099184720256194,-0.007486626505851746,-0.004773799329996109,0.7040002097651362,-0.00501985102891922
1746738749224936200,7.274936279296875,0.06345911450949462,0.0025419373996555805,0.03147186843311684,0.009456527419388294,0.005239510227289118,0.998830366489921,0.012787266737115468,right,-0.0005062222480773926,-0.0723080579649471,0.6202781165920198,-9.761336694067715,-0.03632992213468131,-0.014308284968137741,-0.0038440003991127014,0.7084813007019459,-0.004686340689659119
1746738749264936200,7.314936279296875,0.0640438826170205,0.0010749050416052341,0.031758324871810406,0.016308408230543137,0.0053012502256212,0.9988085672700225,0.012953804585088142,right,-0.0009235143661499023,-0.07297875965022299,0.6259555777065455,-9.760496151590347,-0.036669046183839454,-0.01773533783853054,-0.004089176654815674,0.7150412437394261,-0.004870839416980743
1746738749304936200,7.354936279296875,0.0646340017574901,-0.006436089985072613,0.032053212012878356,0.01603737473487854,0.005211765317594351,0.9987882442083877,0.012816380977614299,right,-0.001526951789855957,-0.07359590461239311,0.6316867417696863,-9.759682497119902,-0.036976603257526344,-0.010946997441351414,-0.0022576935589313507,0.7210771629028022,-0.004595115780830383
1746738749344936400,7.3949365234375,0.06532453810501718,-0.014577825553715229,0.032403467539315244,0.017907926812767982,0.0049824591783410544,0.9987670738892455,0.012402692157888265,right,-0.003901660442352295,-0.07420129496405539,0.6383974183894694,-9.758806883329152,-0.03727401692630574,-0.012299781665205956,-0.004311304539442062,0.7269977851234376,-0.006305895745754242
1746738749384936400,7.4349365234375,0.0658830132655075,-0.01577061414718628,0.032698002671532264,0.022596577182412148,0.004535331443197788,0.9987571631683279,0.011533429151689012,right,0.001260519027709961,-0.07435989638410641,0.6438397555738687,-9.758333420598506,-0.03734039820061712,0.0048735905438661575,-0.0028433427214622498,0.7285488870229572,-0.01003333181142807
1746738749424936200,7.474936279296875,0.06699803666963397,-0.016499774530529976,0.03326686847114032,0.02889389358460903,0.004200300677256065,0.9987415349644031,0.01090163045270744,right,-0.002246558666229248,-0.07428334676882836,0.6547238454207778,-9.757665312078595,-0.03729418903494258,-0.005023558624088764,-0.0004108324646949768,0.7278002606127411,-0.003411918878555298
1746738749464936200,7.514936279296875,0.06818074356867598,-0.029255269095301628,0.03387342144351703,0.029539804905653,0.0036980517341701825,0.9987137984148231,0.009958058503296464,right,-0.0029276609420776367,-0.07480959664218606,0.6662376845385879,-9.75650035995245,-0.037543473047616724,-0.01496218889951706,0.0013542398810386658,0.7329466835904866,-0.0030975639820098877
1746738749504936200,7.554936279296875,0.06904441768139241,-0.029589448124170303,0.034326539498345236,0.018600288778543472,0.003032632710262959,0.9986874171275002,0.008683567373780777,right,-0.00392228364944458,-0.07554767923637892,0.6746263043079525,-9.75537924696803,-0.03789175366247468,-0.017577439546585083,0.002494014799594879,0.7401643598843366,-0.0057404860854148865
1746738749544936200,7.594936279296875,0.06947911220274994,-0.006849678233265877,0.03455643869474453,0.005528212524950504,0.002606078677837872,0.9986637054069402,0.007877979889423181,right,-0.0051895976066589355,-0.0764689326190492,0.6788192259531468,-9.754400757324696,-0.03833850287615059,-0.0264691561460495,0.0013772398233413696,0.7491726459220052,-0.006413251161575317
1746738749584936400,7.6349365234375,0.06951225541549558,0.016707146540284157,0.03456398716703338,-0.004624418914318085,0.0027470025181814276,0.9986425222236595,0.008198271163360128,right,-0.002545595169067383,-0.07752236945781897,0.6790873753700405,-9.753585349288581,-0.038870085066303316,-0.024067960679531097,-0.0007346495985984802,0.7594727253358811,-0.005779817700386047
1746738749624936400,7.6749365234375,0.06930007744392727,0.020481260493397713,0.03443682479855244,-0.007687451783567667,0.003230818327464872,0.9986312437317397,0.009183249687155504,right,-0.003249645233154297,-0.07821959482780595,0.6769810507405549,-9.75319839579761,-0.03923489079478151,-0.01936318352818489,-0.000579535961151123,0.7662894926786422,0.00016313046216964722
1746738749664936200,7.714936279296875,0.06916457642866784,0.009961182251572609,0.03435320881247466,-0.005774789024144411,0.0035735582684283695,0.9986190149441536,0.009887945928512621,right,-0.0026540756225585938,-0.07889800371103815,0.6756233525212854,-9.75276935673058,-0.039585517144150886,-0.02064177393913269,-0.00031476467847824097,0.7729218433652073,0.0033696889877319336
1746738749704936200,7.754936279296875,0.06916986678983056,-0.0004483833909034729,0.034350324116247374,0.003922221716493368,0.003639309833354603,0.9986038059959904,0.010045982722541816,right,-0.0024988651275634766,-0.07964926957528391,0.6756346045676619,-9.752183665797114,-0.03996334824719043,-0.015498382039368153,-0.000007353723049163818,0.7802661417134106,0.005570456385612488
1746738749744936200,7.794936279296875,0.069236770716761,-0.009028486907482147,0.034389284554670774,0.0005581860896199942,0.003468990681223227,0.9985970348163198,0.009718549108592996,right,-0.001290440559387207,-0.07996523093421158,0.6762699798617512,-9.75189198937416,-0.04011559491903374,0.011467508040368557,-0.00039796531200408936,0.7833547553785145,0.0012576356530189514
1746738749784936200,7.834936279296875,0.06910281385700132,0.004641888663172722,0.03433249955115701,-0.00656155776232481,0.0033508963530357073,0.9986275111655679,0.009427825524349448,right,-0.0011560320854187012,-0.07856036451916512,0.6750389767620713,-9.753070970025657,-0.03940892322840478,0.058617692440748215,-0.002520732581615448,0.7696209751889109,-0.0036145225167274475
1746738749824936400,7.8749365234375,0.06871983073561716,0.02032209374010563,0.03414332799711169,-0.011178811080753803,0.0035748836490055056,0.9986872431156001,0.009764426022680555,right,-0.002153754234313965,-0.07575752564333194,0.671449135576561,-9.755442375332116,-0.03801450312688527,0.07345845550298691,-0.0005062893033027649,0.7422163239780813,-0.002172902226448059
1746738749864936400,7.9149365234375,0.06810710631071057,0.029664162546396255,0.03383132421882972,-0.01890331134200096,0.004053141897572079,0.9987511732166898,0.010596641824674813,right,-0.0024379491806030273,-0.07277406012054385,0.6656193334445357,-9.758017778778076,-0.03653767294075096,0.06889922171831131,-0.0005992427468299866,0.7130391832020133,-0.003006748855113983
1746738749904936200,7.954936279296875,0.06725118391320833,0.03026026114821434,0.03339375048482921,-0.0238376222550869,0.004632526290969442,0.9988083913914673,0.011639537025166959,right,-0.0012443065643310547,-0.07023334526165584,0.657386634889245,-9.76035995799005,-0.03528455241868291,0.05154140293598175,-0.0017682760953903198,0.6881869929529726,-0.0022566765546798706
1746738749944936200,7.994936279296875,0.06642496631687886,0.022637559100985527,0.03297089937832771,-0.015189199708402157,0.005142880794302919,0.9988490476735845,0.012575668314387887,right,0.0000699162483215332,-0.06854102697132701,0.6493986318100243,-9.762048057207464,-0.03445290576198511,0.025406954810023308,-0.0021797344088554382,0.6716309218842536,-0.0019496157765388489
1746738749984936200,8.034936279296875,0.06603923207513944,0.010529822669923306,0.03276997024872427,-0.004325465299189091,0.005485875330295804,0.9988663599401508,0.013224254036127455,right,0.0014905333518981934,-0.0677927487417734,0.645665948087722,-9.762796245226264,-0.03408883296085954,0.00845896452665329,-0.003124147653579712,0.6643098582811653,-0.0031365901231765747
1746738750024936200,8.074936279296875,0.06603687968832755,0.0024600960314273834,0.032765383491577704,0.00463311281055212,0.005625171440223947,0.9988706661392258,0.013493158853083973,right,0.0011611580848693848,-0.06749437602497144,0.6456560842808335,-9.762994982668756,-0.03394421659990993,0.005768015049397945,-0.0021333619952201843,0.6613905367683619,-0.004980374127626419
1746738750064936200,8.114936279296876,0.06626726320985227,-0.01360023021697998,0.032884357687381176,0.0010600702371448278,0.005509827469996663,0.9988679893677764,0.013269089671031872,right,-0.004421412944793701,-0.06746594358906899,0.647906493556127,-9.762865218809246,-0.0339269803241013,-0.0063840895891189575,-0.0036614350974559784,0.661112304348871,-0.004768259823322296
1746738750104936400,8.1549365234375,0.06675338015940065,-0.012174119241535664,0.033135742437042856,0.02174597978591919,0.005197762340469777,0.9988548057877719,0.012674181613085781,right,-0.003033578395843506,-0.06786539020825387,0.6526346911218017,-9.762284788572787,-0.03411795713743027,-0.013255837373435497,-0.0013910755515098572,0.665020563833788,-0.007719118148088455
1746738750144936400,8.1949365234375,0.06750713555445709,-0.0036053238436579704,0.03351696641387113,0.012398473918437958,0.004981080276954271,0.9988345278227803,0.012283613729781342,right,-0.005439341068267822,-0.06838197287213481,0.65996963711977,-9.761445999661088,-0.03437135551208403,-0.01373126171529293,-0.001475602388381958,0.6700747784834354,-0.005328036844730377
1746738750184936200,8.234936279296875,0.06782470269163966,0.0023958743549883366,0.033673338571709545,0.003009592182934284,0.004974237831327395,0.9988200043371834,0.012299149273256326,right,-0.005295693874359131,-0.06891830752925726,0.6630450259771198,-9.760875506296752,-0.034640256158251,-0.012504654936492443,-0.00019147247076034546,0.675322031487152,-0.00584101676940918
1746738750224936200,8.274936279296876,0.06762872629458279,0.01670061983168125,0.033566942659679015,-0.009232866577804089,0.005165841662934448,0.9988144090960853,0.012691654996303424,right,-0.003367185592651367,-0.06937777203513484,0.6611110622398555,-9.76069488903284,-0.03487581481422185,-0.009260433726012707,-0.0011379867792129517,0.679817077884078,-0.007530197501182556
1746738750264936200,8.314936279296875,0.06728996363988722,0.0324406623840332,0.033379090317595186,-0.011883523315191269,0.005682792187306592,0.9988141663237742,0.013721022276677488,right,-0.0024543404579162598,-0.06955691379437769,0.6577963116686791,-9.760796595841645,-0.034981588478642245,-0.005853526294231415,-0.0025380998849868774,0.6815696206398308,-0.004122518002986908
1746738750304936200,8.354936279296876,0.06704945564492945,0.024121837690472603,0.03323614665633603,-0.009361585602164268,0.006324604826652918,0.9988125398632657,0.015001154183433002,right,-0.0030974149703979492,-0.06965778098367228,0.655444122519344,-9.760886027690768,-0.035052560174717244,-0.006450306624174118,-0.005505938082933426,0.6825564397200942,-0.0021194592118263245
1746738750344936400,8.3949365234375,0.06691434740614012,0.003607397899031639,0.033157957992431215,0.00014817062765359879,0.006617673349182228,0.9988112445433285,0.015586633051329792,right,-0.0010685324668884277,-0.06975815015818018,0.6541207649610936,-9.760905901435017,-0.03511196194264387,-0.0052124676294624805,-0.0018994063138961792,0.6835382903642953,-0.000731155276298523
1746738750384936400,8.4349365234375,0.06703046631150057,-0.013745084404945374,0.033218256777030886,0.0087972991168499,0.006510449955403881,0.9988051039870437,0.01538537876208138,right,0.0006104111671447754,-0.07003529863658477,0.6552414395540952,-9.760640528497099,-0.0352474125331475,-0.011559494771063328,-0.002044685184955597,0.6862495951496064,-0.0018122866749763489
1746738750424936200,8.474936279296875,0.06744124097198485,-0.009957153350114822,0.033428751464728554,0.015372563153505325,0.006263943224175118,0.9987887478827223,0.014927623599239747,right,-0.0008876919746398926,-0.07066346042786589,0.6592216682966798,-9.759938517707585,-0.035554795376766014,-0.017976226285099983,-0.0025498420000076294,0.6923944545801729,-0.0059714242815971375
1746738750464936200,8.514936279296874,0.06806719496588548,0.000552622601389885,0.03374234530359499,0.015740832313895226,0.00612377317553903,0.9987659909698686,0.01469448800565672,right,-0.0021777749061584473,-0.0713998559396067,0.6652959467090666,-9.759012635034322,-0.03592055978636965,-0.012166614644229412,-0.001614108681678772,0.6995978831529617,-0.009929478168487549
1746738750504936200,8.554936279296875,0.06859052399335643,0.006280627567321062,0.03399782552786902,0.009959306567907333,0.006218332096595772,0.9987488387759668,0.014917451159808992,right,-0.0015999674797058105,-0.0718275547784758,0.6703824561931192,-9.75836381573677,-0.03613953045734982,-0.010306340642273426,-0.0007677823305130005,0.7037813793826848,-0.004549108445644379
1746738750544936200,8.594936279296874,0.06895429913567612,0.0028559379279613495,0.03417188153749302,0.005791786126792431,0.006316260888009675,0.9987283635768267,0.015153099945203932,right,-0.003641963005065918,-0.07258640987731396,0.6738952866196632,-9.757583479014038,-0.036523626432186124,-0.022823378443717957,-0.00028146058320999146,0.7112038575336337,-0.0032249316573143005
1746738750584936400,8.6349365234375,0.06909243270906962,0.0009033118840306997,0.03423330532100913,0.0018310598097741604,0.006361690352760875,0.9987048595441061,0.015288875351429896,right,-0.0019191503524780273,-0.07372734471882925,0.6751866416044533,-9.756674547475576,-0.03709611102215878,-0.026017824187874794,-0.002131335437297821,0.7223626726686954,-0.006025783717632294
1746738750624936400,8.6749365234375,0.06919513099010573,0.004746892489492893,0.03427730624487417,0.0018667533295229077,0.0064381547639896074,0.9986868626839396,0.01547542881970975,right,-0.0014894604682922363,-0.07457586993180274,0.6761459881559014,-9.755990072342753,-0.03752333728920306,-0.017826367169618607,-0.0021160393953323364,0.7306609838061034,-0.00372343510389328
1746738750664936200,8.714936279296875,0.06938689783053664,0.007596482522785664,0.03436423419891216,0.007459983229637146,0.006579796968190206,0.9986706443646179,0.015788776025664104,right,-0.0005105733871459961,-0.0752182177944603,0.6779841633684933,-9.755390352883934,-0.03785008081799383,-0.016064997762441635,-0.000725477933883667,0.7369426213588565,-0.0012766718864440918
1746738750704936200,8.754936279296874,0.06967653541740404,0.0024903197772800922,0.03450246209153493,0.00430301483720541,0.006664220394034044,0.9986544543482404,0.015988608119293854,right,-0.0027328133583068848,-0.07578094792021256,0.6807807352844625,-9.754778358465433,-0.03813546345759696,-0.01049964688718319,-0.0008872449398040771,0.7424453834936022,-0.0038428455591201782
1746738750744936200,8.794936279296875,0.06984393142025186,-0.0019756569527089596,0.034586150721963214,0.0037301580887287855,0.006639845021556139,0.9986491989023554,0.015950859682831574,right,-0.0008602738380432129,-0.07591363539449213,0.6824067290510982,-9.754565592497586,-0.03820162090823613,-0.00042969267815351486,-0.001694507896900177,0.7437428759582341,-0.0029271841049194336
1746738750784936200,8.834936279296874,0.0698704613392365,-0.011654464527964592,0.034605249013116325,0.0023824134841561317,0.006486499357051851,0.9986497788146803,0.01564473128668681,right,-0.0011143684387207031,-0.07591257861276372,0.6826655991829932,-9.754548641362785,-0.03819588438476817,-0.0008349562995135784,0.00016413629055023193,0.7437325006946921,-0.0027050524950027466
1746738750824936400,8.8749365234375,0.07023686999378932,-0.00533659802749753,0.03479203627513552,0.007983346469700336,0.0063291180576693735,0.9986373187695138,0.015356700962600325,right,-0.0021967291831970215,-0.07628365627543959,0.6862202229246497,-9.754021402618289,-0.03837734542923944,-0.017574666067957878,0.00006458908319473267,0.7473609933901578,-0.0010161176323890686
1746738750864936400,8.9149365234375,0.07038538638246154,-0.0009816903620958328,0.03486766886023344,0.003692030441015959,0.006209793868712284,0.9986242697724232,0.015144178819939274,right,-0.0001214742660522461,-0.07686807865466505,0.6876380538333207,-9.753482473435998,-0.03866591620267199,-0.010639045387506485,0.0001397058367729187,0.7530754255142063,-0.003751128911972046
1746738750904936200,8.954936279296875,0.07041302053190554,-0.0019640889950096607,0.034880427365157445,-0.003540832083672285,0.006172259554730243,0.9986147628688742,0.015087182075870896,right,-0.0036873221397399902,-0.07734976049160268,0.6878819455917924,-9.753100196120142,-0.03890551098278863,-0.014201287180185318,0.0006526187062263489,0.7577850645098835,-0.0012018010020256042
1746738750944936200,8.994936279296875,0.0701602463795741,0.004151413682848215,0.03475004173761033,-0.007563903462141752,0.0061885375949782976,0.9986050264827893,0.015135582963662684,right,-0.0034533143043518066,-0.07807451519981704,0.6853779268816113,-9.752723179501295,-0.03926743921720914,-0.01742890477180481,0.00020047277212142944,0.7648710772480816,-0.002032160758972168
1746738750984936200,9.034936279296875,0.06979815445837804,0.010811518877744675,0.03455889554562368,-0.008580131456255913,0.006373813890084345,0.9985977095410448,0.015514864301389552,right,-0.0006778240203857422,-0.0787120311430291,0.6818123433545231,-9.752482356482744,-0.03959117954481332,-0.011555112898349762,-0.0009253695607185364,0.7711037610925734,-0.0016078725457191467
1746738751024936200,9.074936279296875,0.06941291050324797,0.015735909342765808,0.03435447608270521,-0.005611065775156021,0.006689773213325828,0.9986030152561574,0.016131343807168207,right,0.0012652873992919922,-0.07868205704341227,0.678056863278523,-9.75276760316491,-0.039585572673310136,0.008768878877162933,-0.0005718246102333069,0.7708106964301318,-0.0030800029635429382
1746738751064936200,9.114936279296876,0.06912302788094699,0.00474395789206028,0.0342017677655429,-0.007775150239467621,0.00695142077764115,0.9986139526130011,0.016630119810229042,right,-0.002443671226501465,-0.07828786275504762,0.6752505736861377,-9.753266200336814,-0.039396314209598056,0.005580236203968525,-0.0007051452994346619,0.7669568705461919,0.0015723705291748047
1746738751104936400,9.1549365234375,0.06874573909322614,-0.004584996961057186,0.03401428396904171,-0.005641627591103315,0.006978490212445983,0.9986261955825102,0.016658903644607957,right,0.00024443864822387695,-0.0779840473827983,0.671586717416346,-9.753751938027143,-0.03924379561375878,0.011592449620366096,-0.0008982941508293152,0.7639865494985133,-0.0027029216289520264
1746738751144936400,9.1949365234375,0.06856257701658298,-0.00048372335731983185,0.033927347019333545,-0.004023274406790733,0.006952872494914416,0.9986413556668717,0.01657913568221322,right,-0.0020542144775390625,-0.07736977932009458,0.6698322018992156,-9.754341136091947,-0.038935097519152195,0.014779343269765377,-0.0011344552040100098,0.7579808062776923,-0.003900371491909027
1746738751184936200,9.234936279296875,0.06838896144213973,0.004635696765035391,0.03384107289499048,-0.005822100676596165,0.007010860504169129,0.9986527972065772,0.016672511253082188,right,-0.0014008879661560059,-0.07690672958575728,0.668162588186562,-9.754806415516137,-0.03870486801512247,0.00566487479954958,-0.0006640106439590454,0.7534533919811248,-0.005486875772476196
1746738751224936200,9.274936279296876,0.06814523208259575,0.0008943569846451283,0.03371804647084107,-0.0071427300572395325,0.007063748333825283,0.9986584850230561,0.016765595866601788,right,-0.0029914379119873047,-0.07680828061992448,0.6657900869015604,-9.75504314688146,-0.03865642446632334,-0.002863164059817791,0.0016457363963127136,0.7524907574940473,-0.006162874400615692
1746738751264936200,9.314936279296875,0.06761897010225466,-0.008269725367426872,0.033455701812770786,-0.015668366104364395,0.006997901181893338,0.9986590386035767,0.0166290293748207,right,-0.0032820701599121094,-0.07726734538680696,0.6606329233340918,-9.755046654012798,-0.03888150038668143,-0.020689666271209717,0.00134364515542984,0.7569793010849505,-0.002354666590690613
1746738751304936200,9.354936279296876,0.06685509651325955,-0.007652159780263901,0.0330761660648593,-0.01951221562922001,0.006821693922989199,0.9986530113764792,0.016281267306990675,right,-0.004108905792236328,-0.07830004848596409,0.6531284659881145,-9.754763160896301,-0.03938872401687439,-0.024816179648041725,-0.0005918592214584351,0.7670760399464518,-0.004928328096866608
1746738751344936400,9.3949365234375,0.06590121688938186,0.013124916702508926,0.03259181477082179,-0.027797048911452293,0.006934995678384671,0.998652400632653,0.016497081136244263,right,-0.0012041330337524414,-0.07909702117737856,0.6437828377548604,-9.754768421593308,-0.03978692627140666,-0.012823516502976418,-0.0047738999128341675,0.7748674975402653,-0.005699239671230316
1746738751384936400,9.4349365234375,0.06493141222805407,0.03369062393903732,0.03208640186928589,-0.025040926411747932,0.0074902803353569655,0.9986649075796269,0.017569360090635526,right,0.00015735626220703125,-0.07906234410727297,0.6343241045359522,-9.7554149028033,-0.03978345172075052,0.008833011612296104,-0.00615590438246727,0.774528474844247,-0.004420824348926544
1746738751424936200,9.474936279296875,0.06406299710581707,0.035256918519735336,0.03162731258818469,-0.02615085244178772,0.00824684592280868,0.9986859936684913,0.01902838951317203,right,-0.002160012722015381,-0.07839863627651482,0.6258848505578934,-9.756472887423634,-0.0394718669039881,0.021205926313996315,-0.0075735487043857574,0.7680399165425449,-0.003556065261363983
1746738751464936200,9.514936279296874,0.06322126080167838,0.02953120321035385,0.03119235805634982,-0.011416766792535782,0.008839337534953506,0.9987194021717062,0.020140190762008337,right,0.0011453032493591309,-0.07710348955938308,0.6177345695890486,-9.757980953899025,-0.03883901505171881,0.028471041470766068,-0.004925940185785294,0.7553771996505558,-0.0021576136350631714
1746738751504936200,9.554936279296875,0.06292741369686167,0.014621356502175331,0.031036043610723475,-0.005590147338807583,0.009232645955172532,0.9987367901690076,0.020889174760079836,right,-0.0005317926406860352,-0.07624977126196335,0.6149075294695794,-9.758802207154035,-0.0384230343364868,0.011857852339744568,-0.004393741488456726,0.7470297156091779,-0.0009896233677864075
1746738751544936200,9.594936279296874,0.06284787318338797,0.00398427527397871,0.03099376708278367,-0.0011825542896986008,0.009372579298478298,0.998744799429877,0.021152759350781362,right,-0.00007152557373046875,-0.07582335611901365,0.6141513042747974,-9.759168117856978,-0.03821381919597578,0.007918165065348148,-0.004657328128814697,0.7428600287090986,-0.0027493759989738464
1746738751584936400,9.6349365234375,0.06273969802437127,-0.0013637999072670937,0.03094199523516453,-0.0013729548081755638,0.009353563427809816,0.9987509065917032,0.02110345875078088,right,-0.001268148422241211,-0.07560049179379034,0.6131059599403291,-9.759399588525294,-0.03810125866076865,0.003047292586416006,-0.0045530833303928375,0.7406807849738747,-0.003829389810562134
1746738751624936400,9.6749365234375,0.06288367721956004,0.002761449199169874,0.031012789703933733,0.007656981237232685,0.009362150215893117,0.9987466146069944,0.02112945488454811,right,-0.0012009739875793457,-0.07570435644315927,0.6145062551923096,-9.759234168830513,-0.038154200812182765,-0.00821143202483654,-0.0037411004304885864,0.741696391757205,-0.004324145615100861
1746738751664936200,9.714936279296875,0.06340692582522614,-0.001309370156377554,0.03126772184449306,0.009357406757771969,0.009426430495655221,0.998727572513227,0.021295500186797454,right,-0.0016816258430480957,-0.0762439823126164,0.6195872117184102,-9.758510530731082,-0.038428707865052786,-0.014339258894324303,-0.005211617797613144,0.7469730900511146,-0.0037853270769119263
1746738751704936200,9.754936279296874,0.06429709825597824,-0.010448837652802467,0.03171154702992184,0.018368244171142578,0.009339549821024608,0.9987042692077175,0.021172624638783694,right,-0.00425410270690918,-0.07676161517375553,0.6282488032102584,-9.757567696923017,-0.03868942918464561,-0.014604795724153519,-0.003289397805929184,0.7520344650939107,-0.0011447668075561523
1746738751744936200,9.794936279296875,0.064905158021314,-0.02327795699238777,0.03202325626132997,0.014050072059035301,0.00899701462812408,0.99868332907207,0.020534592658712134,right,-0.003193974494934082,-0.07750343500071409,0.634145533098653,-9.756624863114952,-0.039052466580257295,-0.01871141977608204,-0.0019062459468841553,0.7592875780273228,-0.0018420889973640442
1746738751784936200,9.834936279296874,0.06545738985202734,-0.018476512283086777,0.032313145868657835,0.016052978113293648,0.008538676879820021,0.9986677851074639,0.019656287340139095,right,-0.0031006932258605957,-0.07804658439922074,0.6395062564142048,-9.755860308483243,-0.03931197087111585,-0.004389762878417969,-0.0025067105889320374,0.7645979593951254,-0.0060893818736076355
1746738751824936400,9.8749365234375,0.06603604751559834,-0.0075705405324697495,0.03261252016054239,0.015855370089411736,0.008288551444411232,0.99866375539215,0.019172461923292763,right,-0.0027190446853637695,-0.07787645290999926,0.6451600443921983,-9.755618316420913,-0.03922160020870596,0.010919119231402874,-0.0008952990174293518,0.7629346292927861,-0.005173258483409882
1746738751864936400,9.9149365234375,0.06657570920459828,-0.005628834944218397,0.03289019299442765,0.012960806488990784,0.008151013233625333,0.9986663279828919,0.01890022644532081,right,-0.0030939579010009766,-0.07734226408164918,0.650451721059531,-9.755673846000432,-0.0389526280026825,0.014420323073863983,0.0006470605731010437,0.757711780077964,-0.003941886126995087
1746738751904936200,9.954936279296875,0.0669181764712412,-0.013929052278399467,0.03307328731266057,0.00658387178555131,0.007929566698110535,0.9986744483008205,0.018448849897295706,right,-0.0023550987243652344,-0.07671413374964321,0.6538243392977863,-9.755923436847329,-0.03863292245483583,0.013564497232437134,0.0013783052563667297,0.751570208583027,-0.00237998366355896
1746738751944936200,9.994936279296875,0.06700980894736566,-0.020445257425308228,0.033137661760863496,0.005418980494141579,0.007531793985279745,0.9986870399511031,0.017636170467456264,right,-0.001616060733795166,-0.07613450926333322,0.6547473724268377,-9.756296361812948,-0.03833040170766892,0.011357889510691166,0.0012129247188568115,0.7459026112753897,-0.0025197044014930725
1746738751984936200,10.034936279296875,0.06704713725526552,-0.020496316254138947,0.033176621484841476,-0.000884160865098238,0.0070511570935068634,0.9986965577007433,0.016663228479447328,right,-0.002661585807800293,-0.07578480341351446,0.6551289921555667,-9.756531339612602,-0.03813978723466925,0.0061624785885214806,0.0005363151431083679,0.742483085155487,-0.004425831139087677
1746738752024936200,10.074936279296875,0.06692910914654548,-0.01229711715131998,0.03313309112974954,-0.0011955919908359647,0.006677723772707505,0.9987049129207995,0.015904046394915817,right,-0.002483546733856201,-0.07558242910032995,0.6539874939702451,-9.75675871862769,-0.038025743437870706,0.005207435693591833,0.0008707642555236816,0.7405041132327169,-0.006298661231994629
1746738752064936200,10.114936279296876,0.0665931883054036,-0.007261077873408794,0.03297562270917243,-0.01014518178999424,0.006453399321860768,0.9987174712582678,0.015432236790769022,right,-0.0028305649757385254,-0.07529100186936599,0.6507242543905973,-9.757192433869838,-0.03787131987056378,0.007439319975674152,-0.000614553689956665,0.7376543498247862,-0.008160904049873352
1746738752104936400,10.1549365234375,0.06587087765002787,-0.004094547592103481,0.03262591361090536,-0.005861290730535984,0.0062511520163893875,0.9987411850907439,0.014981192805121932,right,0.0006620287895202637,-0.07472984747379585,0.6437035619735717,-9.758071554791927,-0.037581413320769044,0.01068815030157566,0.00028596073389053345,0.7321667852591722,-0.006957583129405975
1746738752144936400,10.1949365234375,0.06537793871404117,-0.003774250391870737,0.0323849098753732,-0.00947599671781063,0.006142878841596542,0.9987527404865018,0.014740890915134584,right,-0.0010744929313659668,-0.07458014623389463,0.6389004725407809,-9.758497086727619,-0.037501223936003136,-0.0017142212018370628,-0.0005275681614875793,0.730702777121216,-0.004172436892986298
1746738752184936200,10.234936279296875,0.06494215673794144,-0.002985410625115037,0.03216940515164681,-0.005450780503451824,0.00608488883929281,0.9987588367177145,0.014610873226231334,right,-0.000695645809173584,-0.07465550011639292,0.634644276401028,-9.75871978956759,-0.03753542054084855,-0.0010014275321736932,0.00016957521438598633,0.7314397130936384,-0.0037775784730911255
1746738752224936200,10.274936279296876,0.06437329720996476,-0.00771063007414341,0.03188786582437346,-0.015911974012851715,0.006004484544635932,0.9987650523668935,0.014434452768921363,right,-0.0016379356384277344,-0.07483921776668576,0.6290841580558568,-9.75894483049512,-0.037622620193122576,-0.00847097858786583,-0.002886742353439331,0.7332363141868263,-0.001119770109653473
1746738752264936200,10.314936279296875,0.06360451962203037,-0.004839587956666946,0.03150696936257341,-0.015555928461253643,0.005888490010636933,0.9987705495726298,0.014186029091940248,right,-0.0013778209686279297,-0.07523845775823206,0.6215628226403147,-9.759132462021707,-0.037815767360829866,-0.009709194302558899,-0.0029626749455928802,0.7371404820185155,-0.002322353422641754
1746738752304936200,10.354936279296876,0.06299026662564705,-0.004767287522554398,0.03120089359228564,-0.016327980905771255,0.005836821763015429,0.9987736799093319,0.014070923941102185,right,-0.0017880797386169434,-0.07560400687271739,0.6155511611353606,-9.75924293665886,-0.03799470896346975,-0.00973900593817234,-0.005340903997421265,0.7407151256348937,-0.0022761523723602295
1746738752344936400,10.3949365234375,0.06248695178840599,-0.004208557307720184,0.03095298547191943,-0.007626675069332123,0.005757182533615533,0.9987821713404067,0.013891983702255563,right,-0.0015055537223815918,-0.07559382226731934,0.6106395698267966,-9.75955916300118,-0.037985385153917625,0.003455239348113537,-0.0051232315599918365,0.7406155377179384,-0.001284085214138031
1746738752384936400,10.4349365234375,0.062058009451648764,-0.01121665257960558,0.030747827597527963,-0.00903272069990635,0.005557698916955177,0.9987947118495837,0.013468256430764743,right,-0.0027759671211242676,-0.07533935138746177,0.606464914490655,-9.760008075812458,-0.03785055817779908,0.008161226287484169,-0.004856560379266739,0.7381271549683064,-0.0014483705163002014
1746738752424936200,10.474936279296875,0.06184570086053255,-0.005757075268775225,0.030652600726158545,0.0026876088231801987,0.005346447494719635,0.9988103826300571,0.01301855460244799,right,-0.000244140625,-0.07474130036130638,0.6044199281269684,-9.760575062045454,-0.03754441219590692,0.02019457146525383,-0.003275524824857712,0.7322787942662835,-0.004739865660667419
1746738752464936200,10.514936279296874,0.06204749061252123,0.002184999641031027,0.030758912259431784,0.01332802139222622,0.0053086657926741075,0.9988254675664353,0.012920135228134969,right,-0.0008966326713562012,-0.07377080433037647,0.6064332772433757,-9.761157830369472,-0.037058770912678424,0.0226939395070076,-0.004287250339984894,0.7227876931477337,-0.004050225019454956
1746738752504936200,10.554936279296875,0.06249791059209905,0.0012085615890100598,0.030985663154487128,0.013985414989292622,0.0053519492678936135,0.9988337115266267,0.012996885919772052,right,-0.00199049711227417,-0.07292532158369366,0.6108677890921012,-9.761489838802813,-0.036638915932272635,0.01755080744624138,-0.0014689788222312927,0.71451860810481,-0.004494994878768921
1746738752544936200,10.594936279296874,0.06285882310909303,-0.00147133634891361,0.031168489541650586,0.005478663370013237,0.005356075102736003,0.9988403387974663,0.01299694323287439,right,-0.0032657384872436523,-0.07224835604155862,0.6144210611268878,-9.761749366521835,-0.03630179779828034,0.012522023171186447,-0.0011351779103279114,0.7078973633341491,-0.004954710602760315
1746738752584936400,10.6349365234375,0.06294583817698397,-0.004280793946236372,0.031215114520975855,0.0028643182013183832,0.005301015773231316,0.9988443608293035,0.012880944299609762,right,-0.0027807950973510742,-0.07196726331425413,0.6152829386532306,-9.761894327950477,-0.03615983764666695,-0.0021685780957341194,0.00016827881336212158,0.7051479184955358,-0.004526056349277496
1746738752624936400,10.6749365234375,0.06298321462729572,-0.00041691609658300877,0.03123442408653803,-0.0008325628004968166,0.005251055699942927,0.9988392787419745,0.012790619334884741,right,-0.002534031867980957,-0.07223064938716221,0.6156361360050737,-9.761685653635858,-0.0362900653554189,-0.007085819728672504,-0.001422826200723648,0.7077241256590933,-0.006297864019870758
1746738752664936200,10.714936279296875,0.06285710970390043,0.003838447155430913,0.03116814104946481,-0.00516522629186511,0.005324658248259084,0.9988379561549097,0.012938568959738312,right,-0.002938687801361084,-0.07239341496699288,0.614397899447009,-9.761647659713029,-0.03637332620964359,-0.00007680244743824005,-0.002132005989551544,0.7093161440908908,-0.006479986011981964
1746738752704936200,10.754936279296874,0.06259624199711414,-0.00042183720506727695,0.03103534777125474,-0.005615441594272852,0.005398791942414898,0.9988415766829593,0.013077417757097042,right,-0.0022335052490234375,-0.07239055353954808,0.6118514663672074,-9.761810156798362,-0.03637336127931629,-0.004059112165123224,-0.003124397248029709,0.7092881601054221,-0.004798777401447296
1746738752744936200,10.794936279296875,0.06209215725267309,-0.006736835464835167,0.030789966850146067,0.0007228902541100979,0.0052478242080499626,0.9988524375784471,0.012752872730078616,right,0.00417327880859375,-0.07226571837995413,0.6069361121989786,-9.762205293595791,-0.036304659954378905,0.007479636464267969,-0.0015557482838630676,0.708067166943103,-0.006641291081905365
1746738752784936200,10.834936279296874,0.06218402615523975,-0.006341665051877499,0.030840595482522788,0.007992053404450417,0.005129013575804384,0.9988537129857892,0.012514712284798318,right,0.0004137754440307617,-0.07215064084413066,0.6078379929421469,-9.762231012558937,-0.036243756508967065,-0.002516342792659998,-0.0020830929279327393,0.7069415969792753,-0.0019058659672737122
1746738752824936400,10.8749365234375,0.06252732432350883,-0.00897845160216093,0.031013624583243807,0.009474918246269226,0.005037210789595346,0.9988423996545854,0.012354736123960658,right,-0.0011690258979797363,-0.07251206022083272,0.6111733113773167,-9.761765733134746,-0.036422651139300564,-0.009756173938512802,-0.0013081096112728119,0.7104766392376274,-0.0025000199675559998
1746738752864936400,10.9149365234375,0.06274033959438714,-0.009257104247808456,0.031125249227714497,-0.0008504940196871758,0.004863531609626347,0.998835722060997,0.012021998647774708,right,-0.0025835037231445312,-0.07274172368557112,0.613242445801571,-9.761472303146123,-0.0365327079765397,-0.004423112142831087,-0.0028528347611427307,0.7127228837944567,-0.003543257713317871
1746738752904936200,10.954936279296875,0.062638718512937,-0.0001226235181093216,0.031077457668005553,-0.0025899463798850775,0.00476756676918701,0.9988350828116646,0.01183087199593321,right,-0.0025243759155273438,-0.07289208026957426,0.6122437901530414,-9.761427879482508,-0.03660457934622236,-0.004684071056544781,-0.002190731465816498,0.7141934678036719,-0.004866480827331543
1746738752944936200,10.994936279296875,0.06270314738246771,0.01304116565734148,0.031102032846796378,-0.0017906269058585167,0.004960025037320332,0.9988309530498669,0.012222393327494986,right,-0.0025177001953125,-0.07301220730867254,0.6128672923462465,-9.761302207276225,-0.03667081471475482,-0.005196090787649155,-0.004157442599534988,0.7153684298671782,-0.005251750349998474
1746738752984936200,11.034936279296875,0.06272444545078942,0.01246596872806549,0.0311019924731643,0.003367331810295582,0.005260592469595548,0.9988306473693405,0.012822300360414051,right,-0.002126455307006836,-0.07292633885694136,0.6130790719334036,-9.761350722593068,-0.03663731482228398,0.003906295634806156,-0.001982111483812332,0.7145285449769347,-0.003590501844882965
1746738753024936200,11.074936279296875,0.06275171790185956,-0.002414318732917309,0.03111246303889474,-0.0000844139140099287,0.005366278823537417,0.9988327858484282,0.013029559130346514,right,-0.0030640363693237305,-0.07275677509194431,0.6133528473734855,-9.761454767489433,-0.036555927662010566,0.0016804097685962915,-0.0024061836302280426,0.7128701102454215,-0.0005462765693664551
1746738753064936200,11.114936279296876,0.06277890584311213,-0.0075903465040028095,0.03113093879551261,0.005502501502633095,0.005235466790875881,0.9988335258595493,0.012767699584560251,right,-0.0003860592842102051,-0.07272755093266385,0.6136195354856551,-9.76145885914266,-0.03653733232657689,0.0022939511109143496,-0.0016427412629127502,0.7125842790413648,-0.0030838698148727417
1746738753104936400,11.1549365234375,0.06308122559237442,0.00015620142221450806,0.03128489470929409,0.005995512939989567,0.0051689667169254605,0.9988322673583164,0.012640125634788711,right,-0.002187669277191162,-0.07255521268305504,0.6165783122260123,-9.761395146256685,-0.036450060104183384,0.007581725716590881,-0.002430003136396408,0.7108986640419811,-0.006556198000907898
1746738753144936400,11.1949365234375,0.06335518681708553,0.0036024944856762886,0.031420086140190505,0.005981343798339367,0.005248700540089627,0.9988336209114349,0.0127990409137188,right,-0.0014746785163879395,-0.07221882839359195,0.6192676974404603,-9.761464119839667,-0.03628527092110132,0.006504576653242111,-0.001453455537557602,0.7076085364554077,-0.005532078444957733
1746738753184936200,11.234936279296875,0.06363143403640022,-0.0017678807489573956,0.03155634915345859,0.003908492159098387,0.005305752254398672,0.9988311917945748,0.012919255582310198,right,-0.0022867918014526367,-0.07209225442495003,0.6219699421364814,-9.761381702253223,-0.03622468148603639,-0.004601258784532547,-0.0006855577230453491,0.7063705190930515,-0.0030071288347244263
1746738753224936200,11.274936279296876,0.06374600813570201,-0.004242607858031988,0.03161429649276557,-0.0009772027842700481,0.005237905058451664,0.9988229077225375,0.012799778484430126,right,-0.002417266368865967,-0.07247278704888806,0.6230711813766509,-9.761041510513424,-0.03641313539342845,-0.010677672922611237,-0.0020899102091789246,0.7100924622256308,-0.004966080188751221
1746738753264936200,11.314936279296875,0.06375904986548946,0.0004899869672954082,0.03161968670297135,-0.0006652061128988862,0.005219251298776726,0.9988152381156393,0.012776157049315812,right,-0.002515256404876709,-0.07288543108160227,0.6231797563176602,-9.760740481740235,-0.03661887415887192,-0.009051138535141945,-0.0023212991654872894,0.7141284397434443,-0.00447971373796463
1746738753304936200,11.354936279296876,0.06382448724514037,0.0009747141739353538,0.03164955845508095,0.001409627147950232,0.005245741719126402,0.998806654752049,0.01284475390134589,right,-0.0016690492630004883,-0.07329447004640109,0.6237997879121452,-9.760407304263115,-0.03682440149352525,-0.010868804529309273,-0.002176966518163681,0.7181290536869317,-0.0031535550951957703
1746738753344936400,11.3949365234375,0.0638248571469125,-0.0014419964281842113,0.03164682533210355,-0.0018835618393495679,0.005292672293836831,0.9988014703019233,0.012947397666629572,right,-0.0010409951210021973,-0.07356364348758768,0.6237910200837999,-9.760213827517628,-0.03696045038194663,-0.003947061486542225,-0.003083575516939163,0.7207616672128438,-0.0005682036280632019
1746738753384936400,11.4349365234375,0.06379559752471528,-0.008754223585128784,0.031635485202866215,-0.002167652826756239,0.005212717258654259,0.9988035730409374,0.012784058188370551,right,-0.001192927360534668,-0.07349660636416823,0.6235085498806089,-9.760279878491163,-0.03692431200044596,0.012310591526329517,-0.002422664314508438,0.7201059797830879,-0.0018909499049186707
1746738753424936200,11.474936279296875,0.0641779982202608,-0.008958491496741772,0.031834321577709636,0.010598879307508469,0.005066414319449057,0.9988098049919605,0.012484800077202733,right,-0.0009534955024719238,-0.07286442884940894,0.6272698751755058,-9.760493228980899,-0.036604837935696,0.016220640391111374,-0.0023349113762378693,0.7139230533644556,0.0012330710887908936
1746738753464936200,11.514936279296874,0.06465391991399662,-0.011763743124902248,0.0320815237278211,0.013179056346416473,0.004863958178405463,0.9988135893897878,0.012078043519009377,right,-0.00119704008102417,-0.0722869592117456,0.6319415933135897,-9.760603703618049,-0.036311133549448024,0.01666516251862049,-0.0003661438822746277,0.7082748914096504,-0.0005047917366027832
1746738753504936200,11.554936279296875,0.06501118788899564,-0.01206167135387659,0.03227318624389067,0.0021369922906160355,0.004573472053417772,0.998822139155112,0.011485769790026676,right,-0.003448307514190674,-0.07156586188718331,0.6354617302637547,-9.760884274125099,-0.0359423295999642,0.01775027997791767,-0.0017945170402526855,0.701221684962511,-0.0046662092208862305
1746738753544936200,11.594936279296874,0.06489083762578951,0.002921413630247116,0.032218316221850354,-0.00424136221408844,0.0044732693046607395,0.9988315200170057,0.01126806145015708,right,-0.004583954811096191,-0.07117586863011581,0.6343046691831201,-9.761232649171351,-0.03574378091828926,0.0007603112608194351,-0.001074463129043579,0.6974068759147077,-0.00704202800989151
1746738753584936400,11.6349365234375,0.06466640702538659,0.028381528332829475,0.032091522984812576,-0.006771788466721773,0.004859529546200542,0.9988288862268255,0.012041500213411804,right,-0.0017403960227966309,-0.07142305811290853,0.6321027752246707,-9.761202838554977,-0.03587914280340052,-0.012829756364226341,-0.004235249012708664,0.6998248237766325,-0.006578966975212097
1746738753624936400,11.6749365234375,0.06455096437094118,0.034449078142642975,0.03200814565256834,-0.0013012574054300785,0.005558785071553065,0.9988244443942751,0.013442344569054887,right,0.00009882450103759766,-0.07157187656444618,0.6309691680848598,-9.761171274372934,-0.035975611395729586,0.0017604008316993713,-0.004648502916097641,0.7012805024776607,-0.00611317902803421
1746738753664936200,11.714936279296875,0.0646566762108651,0.011845199391245842,0.03204362831165441,0.0030907783657312393,0.006086780144952819,0.9988262767383006,0.014491260957450642,right,-0.0009185671806335449,-0.07119985022484232,0.6320178734201938,-9.76136416659653,-0.03580692418843813,0.010642658919095993,-0.00368557870388031,0.6976414153229444,-0.001958794891834259
1746738753704936200,11.754936279296874,0.06492355498189296,-0.008096028119325638,0.032177751591554865,0.013837299309670925,0.0061256285367867055,0.9988306374042288,0.014562204040600296,right,0.00022929906845092773,-0.07069840358858534,0.6346455185100436,-9.761543030294776,-0.03555845138708618,0.010558216832578182,-0.0028111636638641357,0.6927363268204033,-0.0018412992358207703
1746738753744936200,11.794936279296875,0.06552552279793117,-0.014110628515481949,0.03248843318978602,0.016657637432217598,0.0058669693816383334,0.9988269304954712,0.01405707299171485,right,-0.0022884011268615723,-0.07043698031116088,0.6405334075048565,-9.761339616677164,-0.03542153596256984,0.005253685638308525,-0.0026278644800186157,0.6901789704877883,-0.006346270442008972
1746738753784936200,11.834936279296874,0.0661384558791977,-0.010983944870531559,0.03280578448988568,0.018782179802656174,0.005585836246576536,0.9988248778238346,0.013503693820436154,right,-0.0009493827819824219,-0.07007127662154562,0.6465329401805997,-9.761196408814191,-0.0352316238150097,0.013876018114387989,-0.0008925497531890869,0.686601550392434,-0.008562002331018448
1746738753824936400,11.8749365234375,0.06673817523531463,-0.006898875348269939,0.03311302369261393,0.012695306912064552,0.005409513011358629,0.9988233200751566,0.013157557919924625,right,-0.0036805272102355957,-0.0696480215350822,0.6524061430629342,-9.761095871049164,-0.035016191453271776,0.007781598716974258,-0.000009007751941680908,0.6824609434563667,-0.006995409727096558
1746738753864936400,11.9149365234375,0.06697068037834132,-0.0013285106979310513,0.033232756233880334,-0.0009379563853144646,0.005320185466836509,0.9988223891675209,0.012982044743553509,right,-0.0031946301460266113,-0.06950574377451861,0.6546821251709014,-9.761040925991535,-0.03494285001661326,0.0011705798096954823,-0.0010813847184181213,0.6810690507065504,-0.009394943714141846
1746738753904936200,11.954936279296875,0.06688992663335064,0.010052073746919632,0.033188799537535285,0.0013035335578024387,0.005425260562043749,0.9988231331105938,0.013189629778535935,right,-0.0013166069984436035,-0.06950611809571726,0.653893897402659,-9.761093532961606,-0.034946268211063974,-0.0014899338129907846,-0.0006935596466064453,0.681072703968361,-0.008855435997247696
1746738753944936200,11.994936279296875,0.0668875047754811,0.013284647837281227,0.03317727247169371,0.0013475163141265512,0.005709553256380593,0.9988202017280172,0.01376151239955288,right,-0.002073526382446289,-0.06958659346468306,0.6538665710043162,-9.761040341469645,-0.034995939187494905,-0.006231087259948254,-0.004091903567314148,0.6818599818885326,-0.006921157240867615
1746738753984936200,12.034936279296875,0.0666408855028824,0.010331068187952042,0.03304487891556974,-0.004090205766260624,0.00596521996117789,0.998821246051469,0.014267804556873466,right,-0.0010500550270080566,-0.06967585395483308,0.6514551990136503,-9.761140879234672,-0.03504817887913464,-0.0001049339771270752,-0.002283252775669098,0.6827331845264881,-0.005290277302265167
1746738754024936200,12.074936279296875,0.06635322507505939,0.0013043200597167015,0.03289471718494928,-0.007498337887227535,0.006125631489444988,0.9988212591726265,0.014586204166689792,right,-0.005166769027709961,-0.06989392660473197,0.64863743817918,-9.761178873157501,-0.03516146382973987,-0.011100083589553833,-0.0034757331013679504,0.6848665432933717,-0.003821529448032379
1746738754064936200,12.114936279296876,0.06610001684410935,0.00004221661947667599,0.0327689903342167,0.0053870584815740585,0.006061273154024136,0.9988196137655563,0.014460243852171036,right,-0.0030027031898498535,-0.07024876110514687,0.6461497130166739,-9.761099378180504,-0.03533583025908377,-0.007585007697343826,-0.0043444521725177765,0.6883377996005118,-0.005239441990852356
1746738754104936400,12.1549365234375,0.06626510711148498,-0.0019486830569803715,0.032851665687834895,0.005163299385458231,0.006018552388976605,0.9988128962778372,0.014388794392803715,right,-0.0019512176513671875,-0.07049584601596626,0.647749841689691,-9.760822899326682,-0.03545854764904125,-0.008306743577122688,-0.002125948667526245,0.690754870679602,-0.0021782219409942627
1746738754144936400,12.1949365234375,0.0667867566000238,-0.014787275344133377,0.033116259445067346,0.016117790713906288,0.00583327417356607,0.9987971958443433,0.014051858901051654,right,-0.0024265646934509277,-0.07095774691901674,0.6528201306913047,-9.760164143157004,-0.03568520679095469,-0.01506325975060463,-0.0003930628299713135,0.6952732248868793,-0.0016785264015197754
1746738754184936200,12.234936279296875,0.06720661620208228,-0.024866297841072083,0.03333812124773684,0.005561230704188347,0.005385165298982901,0.9987786606916303,0.013196301233772382,right,-0.002881944179534912,-0.07174777268987084,0.6568808773241936,-9.759338213726878,-0.03606669697710609,-0.016628384590148926,-0.0017317533493041992,0.7030010426599532,-0.004817672073841095
1746738754224936200,12.274936279296876,0.06731771959068307,-0.0054232049733400345,0.03340356382546922,0.002856569131836295,0.00502718295470181,0.9987665524971274,0.012506100068722954,right,-0.0017054080963134766,-0.07241533857808537,0.6579334551170468,-9.758794608369469,-0.03638884174819646,-0.013138629496097565,-0.0014642030000686646,0.7095305905591696,-0.0060246288776397705
1746738754264936200,12.314936279296875,0.06752208333557339,0.011367402970790863,0.033497925346540676,0.000552335986867547,0.005153546734613663,0.9987503621619821,0.012789284563150588,right,-0.0049037933349609375,-0.07308280827924801,0.6598956951007247,-9.758185536560415,-0.03672741338481022,-0.013866954483091831,-0.0026464760303497314,0.7160588963493705,-0.00527229905128479
1746738754304936200,12.354936279296876,0.06742940935821144,0.01252991333603859,0.033438875205273846,-0.008817377500236034,0.005468059236650618,0.9987452531099509,0.01342504638370254,right,-0.0030295848846435547,-0.07335826342257129,0.6589780687991529,-9.758049342960119,-0.03687535782693569,-0.002165999263525009,-0.0024788230657577515,0.7187529577389359,-0.003121010959148407
1746738754344936400,12.3949365234375,0.06712438794081493,0.002955053932964802,0.0332803673175932,-0.008098256774246693,0.005651706055398631,0.9987508209418998,0.01377876090872184,right,-0.0006389021873474121,-0.07327617229806115,0.656005555794388,-9.758308870679139,-0.03683941742501006,0.0014025918208062649,-0.002214886248111725,0.7179501169234513,-0.0011970028281211853
1746738754384936400,12.4349365234375,0.06690142187398047,-0.0007037597242742777,0.03316834830848471,-0.003910951316356659,0.005671730390082362,0.9987541241152397,0.013811261742916445,right,-0.0019513964653015137,-0.07329474365320551,0.6538288693424313,-9.758441557148098,-0.036848599005899235,-0.005953062791377306,-0.003651171922683716,0.7181317571006715,-0.0017935261130332947
1746738754424936200,12.474936279296875,0.06665341720223104,0.006217465735971928,0.03304189254037741,-0.0061554694548249245,0.005713964327874136,0.998753270797546,0.013895390030881367,right,-0.0013201236724853516,-0.07355387615608232,0.6513963084332645,-9.758417007228731,-0.03697868805523723,-0.002640001941472292,-0.005018319934606552,0.7206660978838801,-0.006226658821105957
1746738754464936200,12.514936279296874,0.06653732822277342,0.018035268411040306,0.03297530925611348,0.0027056196704506874,0.005979183856158493,0.9987579200027424,0.014414345902406476,right,0.00046902894973754883,-0.07331997183970959,0.6502746109269559,-9.75866075285673,-0.03687010957283015,0.008174331858754158,-0.004663430154323578,0.7183784984033554,-0.0034505724906921387
1746738754504936200,12.554936279296875,0.06688564998612563,0.013012653216719627,0.0331379409591478,0.011060611344873905,0.006308404320991589,0.9987540592173991,0.015079176032188732,right,-0.006222844123840332,-0.07310376069751953,0.6536841271094977,-9.75858827214241,-0.036774198535551944,-0.0014660488814115524,-0.0030778199434280396,0.7162638443369418,0.0017030313611030579
1746738754544936200,12.594936279296874,0.06728477176624435,-0.0046800971031188965,0.03333656612756005,0.012446999549865723,0.006317891196860245,0.9987470824026715,0.015113321263452691,right,0.00019949674606323242,-0.07311707002715492,0.657578285003826,-9.758317053985595,-0.036782671874156805,0.006545973941683769,-0.0021375343203544617,0.7163940465878695,-0.0031462982296943665
1746738754584936400,12.6349365234375,0.06780156310151121,-0.010227508842945099,0.03360459391403255,0.016778744757175446,0.0061263740835771525,0.998751563426896,0.014726242524377355,right,-0.0012839436531066895,-0.07245606726917868,0.6626531771153211,-9.758446233323216,-0.036447720119309746,0.020105721428990364,-0.0009343847632408142,0.709928942226991,-0.0007795542478561401
1746738754624936400,12.6749365234375,0.06837053635078323,-0.016378851607441902,0.033902601481644465,0.011649860069155693,0.005814558883559564,0.998754647073579,0.014101783473080309,right,-0.002012193202972412,-0.07185210847802738,0.6682344843789935,-9.75849357959628,-0.03613728183402238,0.012653285637497902,-0.0017508044838905334,0.7040215448141097,-0.004896566271781921
1746738754664936200,12.714936279296875,0.06863680710673269,-0.006579328328371048,0.0340480737648042,0.003854784183204174,0.005565370522825301,0.9987655839381814,0.013585078602813681,right,-0.0015286803245544434,-0.07106138168131221,0.6708708972971886,-9.75886767360568,-0.03573439630894911,0.028049014508724213,-0.003502868115901947,0.6962869319740682,-0.012343652546405792
1746738754704936200,12.754936279296874,0.06843757472432206,0.001087951473891735,0.03395945161177627,0.0032519379165023565,0.00544103113151017,0.9987940777700668,0.013281100300405758,right,-0.002118051052093506,-0.06967262098379307,0.6689920247480273,-9.759956637886166,-0.03503515727349112,0.031191185116767883,-0.0009856894612312317,0.6827015472792088,-0.008313402533531189
1746738754744936200,12.794936279296875,0.06831966831900026,0.004177448805421591,0.0339029918051292,-0.0048269713297486305,0.005461364322037667,0.9988076682778547,0.013294345588009359,right,-0.0014324784278869629,-0.06899437754697296,0.6678727383945137,-9.760494982546568,-0.034696352379910436,0.006101392209529877,-0.0017580464482307434,0.6760662739831954,-0.007542356848716736
1746738754784936200,12.834936279296874,0.06819036719469632,0.0075129177421331406,0.0338340275413557,0.0005120616406202316,0.005599091026676818,0.9988102931234468,0.01356326243724254,right,-0.0012325644493103027,-0.06892527250127042,0.6666138974398375,-9.760627669015527,-0.03466603805345796,-0.004078875295817852,-0.0018330961465835571,0.6753902013525367,-0.006210654973983765
1746738754824936200,12.874936279296875,0.06808108980067101,0.005572733469307423,0.033771362372234874,-0.005325723439455032,0.0057676419882153485,0.9988026368589432,0.013913959941411562,right,-0.002126038074493408,-0.06942061621860597,0.6655244217026979,-9.760365803208947,-0.03491902726368771,-0.020642466843128204,-0.0020029544830322266,0.6802362531442194,-0.0039195716381073
1746738754864936400,12.9149365234375,0.06795839216914454,0.008810988627374172,0.03369996962520715,0.0013497616164386272,0.00593274972319199,0.9987875407717006,0.014272106594746826,right,-0.0015488266944885254,-0.07035006810386145,0.6642836278613656,-9.759812260979414,-0.035388867960952516,-0.022458979859948158,-0.0011490210890769958,0.6893287833992391,-0.0035801976919174194
1746738754904936200,12.954936279296875,0.06804630144336929,0.005953930784016848,0.03373270444667588,-0.0016785727348178625,0.006147879360997237,0.9987722161020373,0.01473047366822355,right,-0.003127872943878174,-0.07106354039472039,0.6651079498562962,-9.75926047231555,-0.03575315342617615,-0.011282116174697876,-0.0037987828254699707,0.6963080478273331,-0.0029538050293922424
1746738754944936200,12.994936279296875,0.06810205640715407,-0.004033704753965139,0.033758697914703484,0.0017976427916437387,0.006205875954002168,0.998771903384433,0.01484676885085523,right,-0.003353714942932129,-0.07101002899808007,0.6656546239536255,-9.759261056837438,-0.03572856388358505,0.004162750206887722,-0.004176408052444458,0.6957846084751188,-0.0010016411542892456
1746738754984936200,13.034936279296875,0.06805436753502964,-0.018040303140878677,0.033746534862461416,-0.0005652769468724728,0.005927235314786687,0.9987805339967083,0.014275218307238042,right,-0.002030014991760254,-0.07066363086199208,0.6652055650118738,-9.759532274994253,-0.03554578929354139,0.0071939704939723015,-0.002865538001060486,0.6923961350806057,-0.001964278519153595
1746738755024936200,13.074936279296875,0.06804799393918576,-0.01379998866468668,0.03375950014674597,0.00447210343554616,0.005527172669699151,0.9987902552861593,0.013459575055245745,right,-0.002564728260040283,-0.07024596717733667,0.6651629679791629,-9.759824535939098,-0.035323431933146826,0.013977913185954094,-0.0038137733936309814,0.6883104001369327,-0.008286543190479279
1746738755064936200,13.114936279296876,0.0681573630890409,0.00019182078540325165,0.033823954298967174,0.0036524413153529167,0.005348457789310775,0.998803324902545,0.013078046248280725,right,-0.0019799470901489258,-0.0694437167224584,0.6662677874159068,-9.760299167713523,-0.034916647676733165,0.021936621516942978,-0.00431186705827713,0.6804622439198196,-0.008707180619239807
1746738755104936400,13.1549365234375,0.06833386778535813,0.006157444324344397,0.03391208497093562,0.002860510256141424,0.005444258919792615,0.9988130106328748,0.013249724560938415,right,-0.0031619668006896973,-0.06867866587457268,0.6680258831296115,-9.760697811642288,-0.03453796661280293,0.012874171137809753,-0.0038906633853912354,0.6729775141876191,-0.007224816828966141
1746738755144936400,13.1949365234375,0.06852631604317456,0.005751044023782015,0.034004048011329675,0.001222176942974329,0.0056106190046063655,0.9988151900559276,0.01357651546767609,right,-0.0022600293159484863,-0.06830252092346684,0.6699215606831014,-9.760821145761012,-0.034356202043908136,0.0046863676980137825,-0.0035645216703414917,0.6692974374353885,-0.007016133517026901
1746738755184936200,13.234936279296875,0.06878736049371953,0.004451746586710215,0.03412977792325083,0.005674836691468954,0.005761704420031875,0.9988124642976646,0.013882703834200847,right,-0.0028063058853149414,-0.06814891333749575,0.6724766519933939,-9.760748665046691,-0.03428544849148234,-0.0019312230870127678,-0.0034412071108818054,0.6677945585917681,-0.006984200328588486
1746738755224936200,13.274936279296876,0.0690200256891541,0.0040176198817789555,0.034241060006265533,0.006292443722486496,0.005874867238765309,0.998804636262963,0.014123846019169725,right,-0.0029737353324890137,-0.06833759958023256,0.6747388978369534,-9.760465756452083,-0.03438447476272803,-0.006614516489207745,-0.002472691237926483,0.6696406248498707,-0.007520668208599091
1746738755264936200,13.314936279296875,0.06930734555763775,0.0032745583448559046,0.03437857454373997,0.00045302510261535645,0.006009295280212357,0.9987946151047302,0.014411494022908906,right,-0.00366288423538208,-0.06858328562925248,0.677531816491112,-9.760106860011815,-0.03451295879609496,-0.011069711297750473,-0.0037233904004096985,0.6720443980559706,-0.004136174917221069
1746738755304936200,13.354936279296876,0.06926522253571779,-0.009075677022337914,0.034357023563138814,-0.005173156503587961,0.005988215481534405,0.9987909236745118,0.014377074419021306,right,-0.0006334185600280762,-0.06884827711705793,0.6771083303820341,-9.759957806929945,-0.034644574640029374,-0.0018403325229883194,-0.001095689833164215,0.674636898767203,-0.0066467151045799255
1746738755344936400,13.3949365234375,0.06937004670391946,-0.008840590715408325,0.03441489791574902,0.003162508364766836,0.005849273878469333,0.9987927545008645,0.014096790045887639,right,-0.001934349536895752,-0.06868512869145259,0.6781390616692602,-9.759996385374665,-0.034558590899138576,-0.0016540176002308726,-0.0032272785902023315,0.6730407156169415,-0.003770694136619568
1746738755384936400,13.4349365234375,0.06963203475766457,-0.0097830630838871,0.03455195597261708,0.008646360598504543,0.005656945621848573,0.9987883319764698,0.01372280849756386,right,-0.0019142627716064453,-0.06874433710006582,0.6806932761967182,-9.759778358709811,-0.03458246337401907,-0.0067741768434643745,-0.0002745389938354492,0.673620049874857,-0.0034422874450683594
1746738755424936200,13.474936279296875,0.07002758657471296,-0.013576583005487919,0.034756204872499946,0.008948844857513905,0.005414310957393546,0.9987773165437664,0.01326193654480209,right,-0.003204345703125,-0.06906464215616698,0.6845385534480214,-9.759292621019481,-0.034735526316540075,-0.012027660384774208,-0.001643449068069458,0.6767536717254669,-0.003998912870883942
1746738755464936200,13.514936279296874,0.0701497787689233,-0.004852187819778919,0.03482352363906657,0.0012299586087465286,0.005173511167100095,0.9987685967890205,0.012800010705751536,right,-0.0022304654121398926,-0.06951817309502112,0.685709496923536,-9.758902160397172,-0.03495429888743865,-0.008913983590900898,-0.002389371395111084,0.6811906312596052,-0.006645418703556061
1746738755504936200,13.554936279296875,0.07021963580893298,0.012892036698758602,0.03485460015152371,0.005896194837987423,0.005236739595769872,0.998760979039555,0.012941380500874941,right,-0.0032677054405212402,-0.06986646948085413,0.6863745367035269,-9.758616913715004,-0.03513087395962087,-0.012208841741085052,-0.002622731029987335,0.6845979554850607,-0.0062177106738090515
1746738755544936200,13.594936279296874,0.07026617026959972,0.015866784378886223,0.03486625044707601,0.006819463800638914,0.005507849499652415,0.9987510609733495,0.013501429046866777,right,-0.0010606646537780762,-0.07030504054147745,0.6868075212933122,-9.758284320759772,-0.035359769043611974,-0.0103998314589262,-0.002509385347366333,0.6888883461553603,-0.004873313009738922
1746738755584936400,13.6349365234375,0.07034479900629313,0.01036120019853115,0.034895579316438885,-0.0013194293715059757,0.005764303884763121,0.9987452423113252,0.01402378553700386,right,-0.001578986644744873,-0.07047497955854608,0.6875665229670703,-9.758113640367984,-0.03545396273760187,-0.0020020240917801857,-0.0037782713770866394,0.690550726409629,-0.004556484520435333
1746738755624936400,13.6749365234375,0.07034560264664048,0.005327883642166853,0.03489254803511059,0.003748219460248947,0.005880259925217932,0.9987470603863623,0.014250968877936941,right,0.0017625689506530762,-0.0703325126255237,0.6875812821447849,-9.758210671001672,-0.03538678564093112,0.0042377798818051815,-0.0021906495094299316,0.6891570800941437,-0.004307553172111511
1746738755664936200,13.714936279296875,0.0707343241146141,0.0031844202894717455,0.035084503751701586,0.011507885530591011,0.005962837211789634,0.9987433741895592,0.014422695318926263,right,-0.0010059475898742676,-0.0701245800370244,0.6913845468852668,-9.758085583317278,-0.03528710674113131,0.002495591761544347,-0.0017755553126335144,0.6871229439180344,-0.004015892744064331
1746738755704936200,13.754936279296874,0.07126475680763075,-0.00102401920594275,0.03535071292090138,0.012951708398759365,0.005946324599736284,0.9987379362241756,0.014400421773496926,right,-0.0014325380325317383,-0.06990318376239942,0.6965713018734008,-9.757868725696206,-0.03517773729943277,0.007868420332670212,-0.0024388059973716736,0.6849571441862732,-0.006657451391220093
1746738755744936200,13.794936279296875,0.07178534734879632,-0.0033046610187739134,0.03561458616397303,0.010598871856927872,0.005873679429228434,0.9987351005574451,0.014260751980774615,right,-0.0025826096534729004,-0.06955659636584671,0.7016680404905229,-9.757741299924254,-0.03500372622474184,0.005621110554784536,-0.0016836300492286682,0.6815665518999099,-0.005289994180202484
1746738755784936200,13.834936279296874,0.07224451290556877,-0.006886269431561232,0.03584824002568111,0.010683008469641209,0.005733099000395935,0.9987266176553873,0.013997492659968627,right,-0.0029038190841674805,-0.06961614970109646,0.7061454781655222,-9.757377727308869,-0.03503009418481765,-0.007943971082568169,-0.0012626275420188904,0.6821491010282188,-0.006657585501670837
1746738755824936200,13.874936279296875,0.07254697234279005,-0.004212508909404278,0.036001050373535494,0.002336297184228897,0.005620410512313652,0.9987144343113427,0.013797868495841548,right,-0.0038706064224243164,-0.07003861010922843,0.709075686398521,-9.756875038483738,-0.035238323280544326,-0.010417388752102852,-0.002815932035446167,0.6862819630492478,-0.007957477122545242
1746738755864936400,13.9149365234375,0.07261885597542692,0.0004287799820303917,0.03603620823475633,-0.00321435509249568,0.005590514331691536,0.9987068013415173,0.013754090719226801,right,-0.0035489797592163086,-0.07040931308984595,0.7097585540961474,-9.756569918057322,-0.03542284578990619,-0.008751526474952698,-0.002536855638027191,0.6899083368528633,-0.004147358238697052
1746738755904936200,13.954936279296875,0.07236729429107083,-0.0028868152294307947,0.03590897001585146,-0.010914916172623634,0.005602386072880388,0.9987062068689605,0.013779414169749576,right,-0.004146575927734375,-0.07069666948203275,0.7072897528298199,-9.756550044313073,-0.03556608789704805,-0.002970818430185318,-0.003635808825492859,0.6927193756856024,-0.0062475427985191345
1746738755944936200,13.994936279296875,0.072279895011629,0.003072569379583001,0.03586577253850592,0.0019290633499622345,0.005596180489097642,0.9987084177519482,0.013762577026842875,right,-0.004572749137878418,-0.07066102864018062,0.7064388350889086,-9.756635969030857,-0.035547745067817035,-0.0036065096501260996,-0.0031872987747192383,0.6923707083784043,-0.0027669817209243774
1746738755984936200,14.034936279296875,0.07245156096659305,0.0036229752004146576,0.035948011798891545,0.002827587304636836,0.005662142011860577,0.998701202857914,0.013908630295583854,right,-0.0020043253898620605,-0.07087613242324038,0.7081028958436101,-9.75636591991782,-0.035658259171219536,-0.0076746270060539246,-0.0017484724521636963,0.6944748410508036,-0.0027360618114471436
1746738756024936200,14.074936279296875,0.07271894799264114,-0.00334244966506958,0.03608054304384105,0.005334340035915375,0.005648828495632804,0.998691625082714,0.013901449920475826,right,-0.0028017759323120117,-0.0711473996233335,0.7106978807728738,-9.755988318777083,-0.03579434056083081,-0.0033977292478084564,-0.0008621290326118469,0.6971283512342721,-0.003620631992816925
1746738756064936200,14.114936279296876,0.07262311595802744,-0.0044796522706747055,0.03603719068828458,-0.003099696710705757,0.005509321781896866,0.9986919908303886,0.013623001802598242,right,-0.0011749267578125,-0.07126676372467948,0.7097568735957145,-9.755973121207951,-0.03584865700264962,0.000952309463173151,-0.0006145909428596497,0.6982960067741573,-0.006778031587600708
1746738756104936400,14.1549365234375,0.07249378062703687,0.01256490871310234,0.0359707522057112,-0.0014158468693494797,0.005577715319975908,0.9986958981202237,0.013751339059571302,right,-0.0007697343826293945,-0.07115757612685927,0.7085006629895418,-9.756140878990292,-0.035796087080985604,-0.002009765477851033,-0.001393340528011322,0.6972279391512274,-0.004432253539562225
1746738756144936400,14.1949365234375,0.07230805142812136,0.011055766604840755,0.035866603443899976,-0.007792402058839798,0.005865774320305495,0.998693214459871,0.01433050842622475,right,-0.0005388855934143066,-0.07140349885887402,0.7066762240413575,-9.756101131501794,-0.03592875642150382,-0.006953938864171505,-0.0009535029530525208,0.6996334659229964,-0.0052030980587005615
1746738756184936200,14.234936279296875,0.07209601657613462,0.003448083531111479,0.03575189867607159,-0.009601657278835773,0.006114160079829123,0.9986954766335017,0.014820483348575287,right,-0.001099705696105957,-0.07140853248543202,0.704607308812812,-9.756247261974215,-0.035939406868017415,0.0018917368724942207,-0.0018418729305267334,0.6996827118922024,-0.0016140863299369812
1746738756224936200,14.274936279296876,0.07171633098198708,-0.006618802901357412,0.03556345045052539,-0.006182863377034664,0.00609993309302058,0.9987038098836261,0.014775488427488185,right,-0.00038433074951171875,-0.07132991374601881,0.7009069199249148,-9.756568749013542,-0.035898186483388606,-0.002355733886361122,-0.0012328922748565674,0.6989137002810836,-0.000833652913570404
1746738756264936200,14.314936279296875,0.07159487467594763,-0.008755331858992577,0.03550920228012068,0.001421789638698101,0.005904622948028874,0.9987046387328614,0.014385141714105869,right,-0.0011490583419799805,-0.07147255528415672,0.6997147144656628,-9.7565541359663,-0.03596211236338976,0.0015369532629847527,-0.003031902015209198,0.7003089540317654,-0.006847888231277466
1746738756304936200,14.354936279296876,0.07165883648055542,-0.003275351133197546,0.03554802627749448,0.004496561363339424,0.005761128171258621,0.9987108315893727,0.014086869150741598,right,-0.0028679370880126953,-0.07110648205897434,0.7003571040224283,-9.756764563846588,-0.03577420400003261,0.013867685571312904,-0.003999769687652588,0.6967280998703091,-0.006796419620513916
1746738756344936400,14.3949365234375,0.07170690694346439,-0.0030047742184251547,0.035577603465025136,0.0030490481294691563,0.005670397136369922,0.9987192063787511,0.013889003564751083,right,-0.0026715993881225586,-0.07061109470265489,0.7008507327582687,-9.757073775926232,-0.03552345353943537,0.00840914435684681,-0.0029931440949440002,0.691882267274335,-0.005159728229045868
1746738756384936400,14.4349365234375,0.07162757570061959,-0.0017715651774778962,0.03554161131402839,-0.002911326941102743,0.00559222869771267,0.9987241020382843,0.013723545523032638,right,-0.00249558687210083,-0.07044199450867271,0.7000850821480155,-9.75724620988369,-0.03543584561966222,0.0006569260731339455,-0.003057040274143219,0.690228070326522,-0.00670190155506134
1746738756424936200,14.474936279296875,0.07148106962936587,0.001155837089754641,0.03546712094619578,-0.0018823898863047361,0.005616851009915161,0.9987244952597374,0.01377186289773009,right,-0.0037831664085388184,-0.0705588971886743,0.6986497886478901,-9.757267837193607,-0.035494669570507786,-0.0062272935174405575,-0.003254130482673645,0.6913716143384575,-0.006916329264640808
1746738756464936200,14.514936279296874,0.07129085606780136,0.0042932420037686825,0.035367118786860816,-0.007814274169504642,0.00571470700306827,0.9987211463803441,0.013973591821140266,right,-0.0029148459434509277,-0.07090779210196665,0.6967766151871532,-9.757159700644015,-0.035671925549026894,-0.009971610270440578,-0.004658199846744537,0.6947845645871012,-0.007031038403511047
1746738756504936200,14.554936279296875,0.07098994113645912,0.0034699332900345325,0.03521077298399609,-0.006783579476177692,0.005844448724357099,0.9987196558551285,0.014234816956308228,right,-0.000461578369140625,-0.07124778096562744,0.6938236836656928,-9.7571322281152,-0.0358454409155898,-0.012746240012347698,-0.005138613283634186,0.6981102749437094,-0.005489416420459747
1746738756544936200,14.594936279296874,0.0706980507420828,-0.007674934808164835,0.035063379755776024,-0.0018479572609066963,0.005838349267124662,0.9987172775295388,0.014227209439064383,right,0.0032368898391723633,-0.07167125986075978,0.6909547041006386,-9.757038704612851,-0.03605591991027541,-0.0022103190422058105,-0.003303542733192444,0.7022526354454457,-0.007790453732013702
1746738756584936400,14.6349365234375,0.07090416295212783,-0.010263979434967041,0.035170236535895814,0.007088916376233101,0.0057101030429341695,0.9987123051196816,0.013982032156126945,right,0.0007501840591430664,-0.0717889605645436,0.6929599064432084,-9.756813663685321,-0.03611098253420029,-0.004369374830275774,-0.004800759255886078,0.7034038513071834,-0.003927089273929596
1746738756624936400,14.6749365234375,0.07121696738505115,-0.014657030813395977,0.03533372953267772,0.008052484132349491,0.005461723978258742,0.9987024298474809,0.013507358402745537,right,-0.00003904104232788086,-0.07210727667850693,0.6959958400730043,-9.756372349658609,-0.03626243935961841,-0.009716825559735298,-0.0025271624326705933,0.7065174532830715,-0.00421568751335144
1746738756664936200,14.714936279296875,0.07153550168062495,-0.012413373216986656,0.03550116334948643,0.0037078079767525196,0.005178474144370249,0.9986915639155424,0.012965171763758632,right,-0.0028910040855407715,-0.07248169515534107,0.6990845998685806,-9.755886027446389,-0.03644064556141971,-0.009468997828662395,-0.004214935004711151,0.7101796290524304,-0.006542764604091644
1746738756704936200,14.754936279296874,0.07158975421569362,0.0001103375107049942,0.03553031462548606,0.0018776219803839922,0.005069484303820724,0.998683600523546,0.012763957497370044,right,-0.0021520256996154785,-0.07289985952032095,0.6995925493907184,-9.755551096403599,-0.036646014650484615,-0.011608955450356007,-0.00336446613073349,0.7142696017798036,-0.007522806525230408
1746738756744936200,14.794936279296875,0.0717682459110794,0.01402344275265932,0.03561026577446466,0.0055383192375302315,0.005250338244189967,0.9986698400933501,0.013151706720043626,right,-0.001902163028717041,-0.07342597665140159,0.7013068059626967,-9.755049576622246,-0.03691607853645558,-0.01813548058271408,-0.00337190181016922,0.7194152210399508,-0.007141903042793274
1746738756784936200,14.834936279296874,0.07182952315029602,0.020791850984096527,0.03562463533046603,-0.0010939333587884903,0.005631347953795125,0.9986586220169207,0.013932816399159248,right,-0.002652406692504883,-0.07386284632689757,0.7018819755021483,-9.754692433747648,-0.0371482956949021,-0.007984265685081482,-0.002828434109687805,0.7236878568578511,-0.0067935362458229065
1746738756824936200,14.874936279296875,0.07172731038866353,0.01581408455967903,0.03555780524441605,-0.002743979450315237,0.0060280542456013,0.9986541086082741,0.014731442305648254,right,-0.00183945894241333,-0.07408276122008517,0.7008734560467302,-9.754604755464195,-0.03727201627769688,-0.007162830326706171,-0.003274492919445038,0.7258386051509529,-0.003669939935207367
1746738756864936400,14.9149365234375,0.07163508244467634,0.008535634726285934,0.03550088240624631,0.0023968243040144444,0.006276711368233731,0.9986482760909952,0.015237596941951783,right,-0.0010010600090026855,-0.07440430678268364,0.6999570718541741,-9.754436413159965,-0.03744127676022319,-0.005612941458821297,-0.002597630023956299,0.7289831867869943,-0.004339925944805145
1746738756904936200,14.954936279296875,0.0718604548859374,0.0038867006078362465,0.03560878547660809,0.007224799133837223,0.006386994415615306,0.9986423289320765,0.015469261574297323,right,-0.0019096732139587402,-0.07446914615047082,0.7021520246151834,-9.754231245976685,-0.037478484176116336,0.00151108019053936,-0.002155385911464691,0.7296172469068318,-0.005049467086791992
1746738756944936200,14.994936279296875,0.07215116411090833,-0.000454640481621027,0.03575381166764559,0.008791646920144558,0.0063993795806065535,0.9986389477938838,0.015501223463852059,right,-0.001876533031463623,-0.0743659938061648,0.704993093260005,-9.754101482117175,-0.037428478509799495,0.0018054195679724216,-0.001612238585948944,0.7286085082557052,-0.004682071506977081
1746738756984936200,15.034936279296875,0.07257203312887724,-0.004675301257520914,0.035966796671168144,0.009079055860638618,0.006319170285946583,0.9986323350171309,0.015355462571358128,right,-0.003082454204559326,-0.0743414773131416,0.7090995056655257,-9.753822080653904,-0.03741496125198594,-0.0005797289777547121,-0.0023078545928001404,0.7283687081504613,-0.005467824637889862
1746738757024936200,15.074936279296875,0.07289005946510356,-0.005349211860448122,0.03612848123158497,0.006451190449297428,0.006233034139093418,0.9986267178672481,0.015195682387670814,right,-0.002306640148162842,-0.07436361376268963,0.7122002481598406,-9.753579504069686,-0.037424131399362154,-0.0015784536954015493,-0.003300115466117859,0.7285852004453539,-0.005570210516452789
1746738757064936200,15.114936279296876,0.07313735492816618,-0.004134458024054766,0.036254686736292105,0.009540926665067673,0.006152089710019733,0.9986222682827339,0.015043781570595422,right,-0.0007928013801574707,-0.07438920726077808,0.7146108894981443,-9.75338485828042,-0.037434926192333136,-0.0011731891427189112,-0.002236589789390564,0.7288355219446122,-0.004438310861587524
1746738757104936400,15.1549365234375,0.07347936521464496,-0.007778816856443882,0.036428190684679944,0.008804017677903175,0.006067448209943458,0.9986157905861472,0.014888529165913156,right,-0.0027099251747131348,-0.07442820599140328,0.7179445639654993,-9.753111302036046,-0.0374526226647789,-0.002825445495545864,-0.00235159695148468,0.7292169224776327,-0.004364438354969025
1746738757144936400,15.1949365234375,0.0737965799047965,-0.011765340343117714,0.036593362010711436,0.009155488573014736,0.005864668366233809,0.9986089253935502,0.014498753426626244,right,-0.001679539680480957,-0.0745479106072115,0.7210318624563514,-9.752796244737505,-0.03750622245803161,-0.0038021744694560766,-0.0028069019317626953,0.7303875736922025,-0.006268680095672607
1746738757184936200,15.234936279296875,0.07375416263689945,-0.010516604408621788,0.03658293652302485,0.004446834791451693,0.005573958492261224,0.9986105800717976,0.013916421477845456,right,0.0018773078918457031,-0.0745880187691122,0.7206160481970757,-9.752797413781284,-0.037515475443299126,0.0032323950435966253,-0.000572890043258667,0.7307797878801823,-0.01084446907043457
1746738757224936200,15.274936279296876,0.07394877993895102,0.0032679401338100433,0.036681714295625105,0.004675892181694508,0.005507948545198797,0.9986045302879948,0.013797214865442777,right,-0.0017595291137695312,-0.07474066757150352,0.7225058074664324,-9.752545484846829,-0.037590047446642155,-0.011640800163149834,-0.0018429383635520935,0.7322725837212055,-0.005088791251182556
1746738757264936200,15.314936279296875,0.07402511641359998,0.009816376492381096,0.03671018221177279,-0.0015365197323262691,0.005681014769914183,0.9985905104321067,0.014169965853602046,right,-0.0022486448287963867,-0.07536435925128614,0.7232163668885827,-9.752032859149574,-0.037908501355603995,-0.017233651131391525,-0.002201952040195465,0.738371704313904,-0.004575744271278381
1746738757304936200,15.354936279296876,0.07380320990821289,0.015330653637647629,0.03658642101917343,-0.01100354827940464,0.0059707299401536565,0.9985850447522935,0.014757322342706831,right,-0.002010345458984375,-0.0757819779705592,0.7210295243687928,-9.751884975111484,-0.03812712780502878,-0.0044968267902731895,-0.004147723317146301,0.7424554664961993,-0.004696086049079895
1746738757344936400,15.3949365234375,0.0735035306277183,0.015174046158790588,0.03642500777462923,-0.002568925730884075,0.006285654749324484,0.9985886790645716,0.015376466171756687,right,-0.0007547736167907715,-0.07577783966922476,0.7181072802465409,-9.752103586298226,-0.03813544514894911,-0.0010511628352105618,-0.0032500550150871277,0.7424149883553385,-0.002557501196861267
1746738757384936400,15.4349365234375,0.07356810504694138,0.011603230610489845,0.03644595416003098,0.0031415410339832306,0.006571300743855018,0.9985844295399966,0.0159533691615576,right,-0.0013470649719238281,-0.07584081653999351,0.7187335954513401,-9.752010647317766,-0.038177607188199486,-0.002151565859094262,-0.003871813416481018,0.7430307821661234,-0.0054474323987960815
1746738757424936200,15.474936279296875,0.07370538492556203,0.004283522255718708,0.036509037868903145,0.006639044266194105,0.006740312004483357,0.9985846540956962,0.016289612692200778,right,-0.0012971162796020508,-0.07563886426969614,0.7200834026250987,-9.752061500722169,-0.03808336356098333,0.007189742289483547,-0.0027951449155807495,0.7410559749618172,-0.0036606639623641968
1746738757464936200,15.514936279296874,0.07397760088167088,-0.0036909841001033783,0.03664700507523532,0.007999255321919918,0.006708934908800748,0.998583481012138,0.016229955290385595,right,-0.0038352608680725098,-0.07544601234057594,0.7227485301811247,-9.752007140186429,-0.037986900699777434,-0.0010108686983585358,-0.0032515153288841248,0.7391701612152158,-0.002565354108810425
1746738757504936200,15.554936279296875,0.07415643929386909,-0.000958944670855999,0.03673945962784738,0.010082084685564041,0.00660100449586804,0.9985780363240199,0.01602622413845113,right,-0.0007897615432739258,-0.07559664960353388,0.7244843409977852,-9.751766901689768,-0.038058968916161076,-0.003485722467303276,-0.0026496723294258118,0.7406432294424623,-0.006664663553237915
1746738757544936200,15.594936279296874,0.07453395991909775,0.008679022081196308,0.036925213823231995,0.009125761687755585,0.0066646049812330715,0.9985705234654256,0.016168255316526124,right,-0.002564668655395508,-0.07560354025147747,0.7281653675980866,-9.751487500226498,-0.03806627540106379,0.0030219629406929016,-0.0031182467937469482,0.7407105955902487,-0.0082673579454422
1746738757584936400,15.6349365234375,0.07474887818360203,0.017071444541215897,0.03702427073577205,0.0009811846539378166,0.006935854531817249,0.9985722677714349,0.016704553674577616,right,-0.0033055543899536133,-0.07520113876377242,0.7302833096001297,-9.751627200958133,-0.03787601129889311,0.010401744395494461,-0.00309869647026062,0.7367755942288786,-0.007878243923187256
1746738757624936400,15.6749365234375,0.07478821828605219,0.01763744466006756,0.03703089914033459,0.0001658506807871163,0.00733799830607863,0.998575995093407,0.01749666786271597,right,-0.0036440491676330566,-0.07480852072825396,0.7306885294001549,-9.751886144155263,-0.03769479270072351,0.004333659540861845,-0.0028891339898109436,0.7329361621964723,-0.006713852286338806
1746738757664936200,15.714936279296875,0.07463279508157049,0.01799912564456463,0.03693773560865974,-0.0038808693643659353,0.007745193303289087,0.9985748299970715,0.018308247215529656,right,-0.0028612613677978516,-0.07485885759125228,0.7291700876612216,-9.751962716522812,-0.037734348211175946,-0.006347182672470808,-0.0032036229968070984,0.7334284026928246,-0.008188873529434204
1746738757704936200,15.754936279296874,0.07439546271420665,0.019732575863599777,0.036801473683776856,-0.004912534728646278,0.008155375241416553,0.9985686560453692,0.01913557527578855,right,-0.004262030124664307,-0.07525178120529737,0.7268341189943254,-9.751847565710545,-0.03794483108069738,-0.013509688898921013,-0.00293576717376709,0.7372708303999155,-0.006924629211425781
1746738757744936200,15.794936279296875,0.07407660697631328,0.007626498118042946,0.03662395426721825,-0.010288011282682419,0.008520131680393058,0.9985576088848316,0.019881545828090482,right,-0.006735801696777344,-0.07598731835356386,0.723684349726513,-9.751535431021452,-0.03832442643231045,-0.022039227187633514,-0.0027013570070266724,0.7444633722525089,-0.001095503568649292
1746738757784936200,15.834936279296874,0.07348237839950808,-0.002649875357747078,0.03632184151429087,-0.018004845827817917,0.008590677319277122,0.9985586304646689,0.020018307257982964,right,-0.0038500428199768066,-0.07647932942793292,0.7178625847704708,-9.751596805819869,-0.03857002062774117,0.0007681138813495636,-0.0048141926527023315,0.7492743527308106,-0.003498077392578125
1746738757824936200,15.874936279296875,0.07247541062952918,-0.009189631789922714,0.03583090961173202,-0.020736686885356903,0.008452978941573094,0.998595458741186,0.019670148349390314,right,-0.00011461973190307617,-0.07556532026411678,0.7080920091234147,-9.75299381313622,-0.038103108470073206,0.04142146185040474,-0.0017365291714668274,0.7403368669070303,-0.006162799894809723
1746738757864936400,15.9149365234375,0.07170549080444649,0.00003445427864789963,0.03546136155508893,-0.01634136401116848,0.008370832212272623,0.998643507235431,0.01941097963088429,right,-0.0015872716903686523,-0.07376381028092761,0.700677202822268,-9.754850839179754,-0.03719576477804626,0.04702876880764961,-0.00300462543964386,0.7227193040866404,-0.004523523151874542
1746738757904936200,15.954936279296875,0.071185720035271,0.005037153605371714,0.035211046776138455,-0.007309094071388245,0.008424739675936753,0.9986843610398565,0.019436235850101277,right,-0.00010406970977783203,-0.07200236810003617,0.6956962726045399,-9.756468211248517,-0.03631450572470293,0.03728952258825302,-0.0025096386671066284,0.7054913251057267,-0.004629477858543396
1746738757944936200,15.994936279296875,0.07103068483660317,-0.00127773592248559,0.035141175288792834,-0.0008846186101436615,0.00844783688013372,0.9987109529110171,0.019428422451620006,right,-0.0007416009902954102,-0.07065243629237423,0.6942506038408726,-9.757516843518614,-0.035639643535880124,0.024355221539735794,-0.0024675726890563965,0.6922866833567619,-0.004362091422080994
1746738757984936200,16.034936279296875,0.07111816687604504,-0.005852766800671816,0.03519178454781548,0.007397923618555069,0.008347038233498017,0.9987200321092526,0.0192096446268641,right,-0.001818835735321045,-0.07009435464813404,0.6951315513938665,-9.757840084123611,-0.035357488921479684,0.003865636885166168,-0.0024464577436447144,0.6868272489070892,-0.00429408997297287
1746738758024936200,16.074936279296875,0.07147429329477753,0.0029700607992708683,0.035369918912388554,0.009632166475057602,0.008308928425724872,0.9987115589346235,0.019150880613657304,right,-0.002093791961669922,-0.0702314141626996,0.6985998120263218,-9.757498138818145,-0.03542637737013716,-0.006332388147711754,-0.004080742597579956,0.688168069056794,-0.007678624242544174
1746738758064936200,16.114936279296874,0.07187094244800103,0.010799016803503036,0.03556337663978936,0.008818996138870716,0.008419872892961975,0.998702367911388,0.019389644112738223,right,-0.0027410387992858887,-0.07030073426109375,0.7024666435223073,-9.75717256012559,-0.03546688304303194,-0.0007894630543887615,-0.003992684185504913,0.6888461875140667,-0.006510436534881592
1746738758104936400,16.1549365234375,0.0720182962627204,0.006952081806957722,0.03563177816615756,0.0019497391767799854,0.008576740095880763,0.998699772941864,0.019706174299541357,right,-0.0022462010383605957,-0.0702224820237668,0.7039082206327468,-9.757122875764965,-0.03543406821977665,0.0017220575828105211,-0.00323641300201416,0.6880806830342858,-0.00477580726146698
1746738758144936400,16.1949365234375,0.07210917260694943,0.0035535821225494146,0.03567409376865325,0.002993715927004814,0.008680780935491121,0.9986992107902194,0.01991374905623104,right,-0.0019657015800476074,-0.07011256313449156,0.7048004202321171,-9.75713398168087,-0.03538327235275872,0.003536923322826624,-0.002262219786643982,0.6870053819529712,-0.005561843514442444
1746738758184936200,16.234936279296875,0.07226985996215442,0.0005365780089050531,0.035754595633663594,0.003725086571648717,0.008714881040462093,0.9987003016892603,0.019978592962827963,right,-0.0027289986610412598,-0.06986222411243205,0.7063806020956486,-9.757191849347949,-0.03526012867711481,0.009181487374007702,-0.003585226833820343,0.684556454430893,-0.004900306463241577
1746738758224936200,16.274936279296874,0.07243260750854835,0.000048713613068684936,0.0358398622582714,0.005753262899816036,0.00867762955319848,0.9987054719000904,0.01989341411641721,right,-0.0024834871292114258,-0.06941591808533489,0.7079905945755541,-9.757380649918318,-0.035036452691393986,0.01325985137373209,-0.0034890025854110718,0.6801902951106429,-0.007460881024599075
1746738758264936200,16.314936279296877,0.072507046001087,0.0034952983260154724,0.0358801613088706,-0.0006485464982688427,0.008697439281294062,0.9987146657289593,0.019912990284584393,right,-0.003201901912689209,-0.06879575019850039,0.7087473312269896,-9.75774656062126,-0.03472745006494248,0.014395206235349178,-0.0034459903836250305,0.6741230309609323,-0.008544642478227615
1746738758304936200,16.354936279296876,0.0723627550059476,0.006531658582389355,0.03580858538671389,-0.003559594042599201,0.008787199791946155,0.9987260407027406,0.020067249435449127,right,-0.0023441314697265625,-0.0682354183781271,0.7073666174583136,-9.758224115005135,-0.03444978441566653,0.00994625873863697,-0.002875417470932007,0.6686409462880343,-0.007330436259508133
1746738758344936400,16.3949365234375,0.0721683160558802,0.003410475794225931,0.03571005326156479,-0.0005742523353546858,0.008869922865873308,0.9987323714669989,0.020218651602713612,right,-0.0011858940124511719,-0.06802830231605682,0.7054791962765157,-9.758499424815177,-0.034348208016776266,-0.00014282111078500748,-0.002117536962032318,0.6666145550269633,-0.006559610366821289
1746738758384936400,16.4349365234375,0.07202494155205211,-0.000024158740416169167,0.03563665629785547,-0.005585514008998871,0.008897187588190136,0.9987321513130362,0.020273790194320344,right,-0.0028038620948791504,-0.06817871485406357,0.7040728366099298,-9.758500009337068,-0.03442366377297259,-0.007861850783228874,-0.0033603236079216003,0.6680861619494854,-0.005699019879102707
1746738758424936200,16.474936279296877,0.07173045232568141,-0.005524248816072941,0.035491808674292594,-0.005992736667394638,0.008845407389003317,0.9987385324155579,0.020158503241991227,right,-0.0020839571952819824,-0.06813882006810504,0.7012009344354272,-9.758733818092942,-0.03440038716302185,0.0072634173557162285,-0.0032325908541679382,0.6676958474576473,-0.008143607527017593
1746738758464936200,16.514936279296876,0.07182869957081962,-0.006537397392094135,0.03554703195631281,0.0011071721091866493,0.008727025011776652,0.9987436763658099,0.019912300123540557,right,-0.004117190837860107,-0.06779352443166811,0.7021762092083692,-9.758893977090716,-0.034224019758755206,0.0012950589880347252,-0.00428105890750885,0.6643174570657312,-0.003899313509464264
1746738758504936200,16.554936279296875,0.07185197309142173,-0.005232295487076044,0.03556386730511322,0.0021820547990500927,0.008567296898345301,0.9987439466094081,0.019594700667913082,right,-0.0018332600593566895,-0.06783380667212369,0.702401396266371,-9.758851306992769,-0.03423859001058096,-0.005378218367695808,-0.0014873594045639038,0.6647115709498524,-0.006430268287658691
1746738758544936200,16.594936279296874,0.07188841907084387,-0.0012215818278491497,0.03558320760137463,-0.0007686950266361237,0.008504938665977133,0.9987410913986742,0.01947689278875686,right,-0.003761112689971924,-0.06799407852488823,0.7027494059864431,-9.758719205045699,-0.03431668406208256,-0.003971205558627844,-0.0026312023401260376,0.6662796970494091,-0.008171655237674713
1746738758584936400,16.6349365234375,0.07171871245835443,0.008827347308397293,0.035493886006617466,-0.005965655203908682,0.008607637101010871,0.9987400791969991,0.019683470613183283,right,-0.0038005709648132324,-0.06818059610824179,0.7010843953836708,-9.758713944348692,-0.03441276805406905,-0.005288023501634598,-0.0037672221660614014,0.6681045743890106,-0.007336076349020004
1746738758624936400,16.6749365234375,0.07156549785814051,0.02003004401922226,0.03540447050323837,-0.002918190322816372,0.008927138458983536,0.9987346577860986,0.020329370343848147,right,-0.0021646618843078613,-0.0684951866792427,0.6995741369511932,-9.758611068496107,-0.034580637290032974,-0.00925963930785656,-0.004766136407852173,0.6711824474643916,-0.007150832563638687
1746738758664936200,16.714936279296875,0.07134923856485645,0.016258399933576584,0.03528381630809155,0.0006541851907968521,0.009265390148125947,0.9987325623462285,0.021005238833736777,right,0.00011211633682250977,-0.06866156085117979,0.6974557565577327,-9.758650815984605,-0.03467467820480449,-0.00059523805975914,-0.0035841986536979675,0.6728101947966962,-0.006283421069383621
1746738758704936200,16.754936279296874,0.07112777323980764,0.00015500560402870178,0.03516812774415561,-0.0030711141880601645,0.009415027832537858,0.9987350716644738,0.021297380293716698,right,-0.0007970929145812988,-0.06866643998762954,0.695294267674908,-9.758801622632145,-0.034681223871834775,0.001129233743995428,-0.0028425753116607666,0.6728579063959419,-0.002303503453731537
1746738758744936200,16.794936279296873,0.07100979339645971,-0.00841512531042099,0.03511358360222802,0.003322293283417821,0.009272689618793498,0.9987368210453814,0.021011799470449687,right,-0.00014644861221313477,-0.06876543196750724,0.6941382295075803,-9.758817404723167,-0.03472508624664477,-0.00045066431630402803,-0.003334224224090576,0.6738263861019164,-0.004602976143360138
1746738758784936200,16.834936279296876,0.07110442155287146,-0.0036058127880096436,0.035167996270027924,0.0065483031794428825,0.009108553661459528,0.9987406922102162,0.0206779278973077,right,-0.0013810992240905762,-0.06852952288371873,0.6950729530744254,-9.758909759181737,-0.03460185212770503,0.011520899832248688,-0.004116065800189972,0.6715184014204889,-0.008579257875680923
1746738758824936200,16.874936279296875,0.07134785368906063,-0.0007821239996701479,0.035294911840963714,0.00666776904836297,0.009063982506088615,0.9987473319424368,0.02057472951636518,right,-0.0028401613235473633,-0.06790862121734226,0.6974781145200133,-9.759154089331627,-0.034291087263945357,0.015622837468981743,-0.004368938505649567,0.6654435384862124,-0.007498655468225479
1746738758864936400,16.9149365234375,0.07154355029296572,-0.005450248718261719,0.03539920012048619,0.006393687333911657,0.008970685187732834,0.9987539902340918,0.020374725072753484,right,-0.0026440024375915527,-0.06735800449521723,0.6994140510186553,-9.759381468346714,-0.03401347672426291,0.007111993618309498,-0.002345472574234009,0.6600562194246798,-0.006073363125324249
1746738758904936200,16.954936279296874,0.07163863406696203,-0.00555051164701581,0.03545328501708067,0.003440534695982933,0.008803769202288994,0.9987564331657597,0.02003804982831713,right,-0.0032314658164978027,-0.0672013889286634,0.70034935910739,-9.759418293225764,-0.033929726323321446,0.0011461451649665833,-0.002649471163749695,0.6585238222256302,-0.00874418020248413
1746738758944936200,16.994936279296876,0.07152527545229456,0.005413645412772894,0.03539883362516035,-0.0029490171000361443,0.008742418933852735,0.9987589085243176,0.019911317885462784,right,-0.0029288530349731445,-0.06720065094893783,0.6992430783659219,-9.759497788202761,-0.03392661921644532,-0.000026882975362241268,-0.003533564507961273,0.6585165887672454,-0.012392312288284302
1746738758984936200,17.034936279296875,0.07132235247234694,0.012296300381422043,0.035289964912362845,-0.0068420059978961945,0.008936518209839256,0.9987579674853286,0.02029916531831372,right,-0.0018996000289916992,-0.06736892345289057,0.6972547540929168,-9.759528767862916,-0.03401660676202428,-0.013878094963729382,-0.004810437560081482,0.6601630408000201,-0.007456209510564804
1746738759024936200,17.074936279296875,0.07112285485605016,0.003101315349340439,0.03517927189948069,0.0007943627424538136,0.009157573313248808,0.9987498681138107,0.02075555731987995,right,0.0006913542747497559,-0.06794029660953732,0.6952808236714452,-9.759289698410033,-0.03430906824721595,-0.013594466261565685,-0.003100946545600891,0.6657534812182188,-0.00751180574297905
1746738759064936200,17.114936279296874,0.07133444610173809,-0.0047309910878539085,0.035278662268421725,0.0030857152305543423,0.009209660431058843,0.9987341061200232,0.020891510085461196,right,-0.002522110939025879,-0.06861676856217527,0.6973134985428303,-9.758691147994995,-0.034650236502947525,-0.020847611129283905,-0.004262357950210571,0.6723719495099038,-0.0049745067954063416
1746738759104936400,17.1549365234375,0.07150206385162663,-0.011260638013482094,0.03536196569856431,0.005738412961363792,0.009068318702931705,0.9987184142666642,0.020643657156939145,right,-0.002114713191986084,-0.06942995708971672,0.6989099739540368,-9.75802537756264,-0.03505269116836473,-0.01950574479997158,-0.00300530344247818,0.680327584689483,-0.004895612597465515
1746738759144936400,17.1949365234375,0.0716418854501424,-0.009442165493965149,0.03543546733736538,0.00111835403367877,0.008853243129643576,0.998707421599981,0.020239542591849787,right,-0.0027446746826171875,-0.07002908856737595,0.700245021950081,-9.757519181606172,-0.035345337746572635,-0.009975602850317955,-0.004090368747711182,0.686188804873079,-0.005615741014480591
1746738759184936200,17.234936279296875,0.07160532830555665,0.00357816182076931,0.03541766649993235,0.0011040467070415616,0.00877446934019065,0.9987022137041567,0.02009405828179316,right,-0.00257718563079834,-0.07040399983712158,0.6998699050273746,-9.757287710937858,-0.03552980735603607,-0.005458014085888863,-0.003830254077911377,0.6898563874699175,-0.006024599075317383
1746738759224936200,17.274936279296874,0.07159770423763943,0.009141229093074799,0.0354053810856672,-0.005700197070837021,0.008941672847292328,0.9986938648721024,0.02044300179310344,right,-0.004225790500640869,-0.07080132498672095,0.6997757970031351,-9.757018830868601,-0.035734350894731065,-0.010813687928020954,-0.004920534789562225,0.6937430927101522,-0.005005836486816406
1746738759264936200,17.314936279296877,0.07156106867066743,0.004448579158633947,0.03537944619884343,-0.0010292520746588707,0.009107652984728836,0.9986883293561246,0.02078372310507234,right,-0.0024203062057495117,-0.07106781688061027,0.6994051370598375,-9.756859840914606,-0.03587328217834349,-0.003631759434938431,-0.005371853709220886,0.696349914207682,-0.004469960927963257
1746738759304936200,17.354936279296876,0.0714722560311343,-0.008820801973342896,0.035335767611869844,-0.0031314766965806484,0.009067331656875847,0.9986879911639508,0.02070446266940246,right,-0.0021733641624450684,-0.0711973335034719,0.6985321536175906,-9.756831783863902,-0.035936148744415496,-0.004273621831089258,-0.005522340536117554,0.6976168654035776,-0.0029089972376823425
1746738759344936400,17.3949365234375,0.07150899756668783,-0.00973665714263916,0.03535974891677422,0.006252630148082972,0.008852136691365324,0.9986834172873602,0.020286686845301397,right,-0.0014643073081970215,-0.0715255080732214,0.6988742450535297,-9.756577516841888,-0.036092797217164595,-0.006450897082686424,-0.00514066219329834,0.7008269134912639,-0.006120637059211731
1746738759384936400,17.4349365234375,0.07177834434981728,0.0006337203085422516,0.03549656450926289,0.010687267407774925,0.008747037253128247,0.9986758583516294,0.0200934246693944,right,-0.001531362533569336,-0.0717317737101743,0.7014917340755462,-9.756244339364766,-0.036193552257147266,-0.0010399548336863518,-0.0044814348220825195,0.7028445369239896,-0.00856415182352066
1746738759424936200,17.474936279296877,0.072174902270211,0.004830536898225546,0.03569227615306256,0.012389732524752617,0.008822289867820533,0.998670050000494,0.02025457645684588,right,-0.0025208592414855957,-0.07162408279659706,0.7053660182256252,-9.756040925747156,-0.03614438773540739,0.005009260959923267,-0.004153050482273102,0.7017911554135382,-0.006855659186840057
1746738759464936200,17.514936279296876,0.07254734077563947,-0.0015153619460761547,0.035877017254362924,0.007828008383512497,0.008879673353748395,0.9986657856027733,0.020376741144010727,right,-0.0029078125953674316,-0.07145397847536168,0.7090081741202622,-9.755896548840402,-0.03606328764045119,0.0006861374713480473,-0.002084791660308838,0.7001272407893091,-0.006209529936313629
1746738759504936200,17.554936279296875,0.07284503232065671,-0.00573994405567646,0.03602764427701297,0.005992449354380369,0.008794090419138369,0.9986585913394338,0.0202213931713025,right,-0.003014206886291504,-0.07159791641757235,0.7119049915403127,-9.75558441415131,-0.03613368063653395,-0.004918143153190613,-0.0014505311846733093,0.7015352078910917,-0.006940573453903198
1746738759544936200,17.594936279296874,0.07299008626719837,-0.000560639426112175,0.03610156489988381,0.00011633802205324173,0.008690362046829152,0.9986507457378012,0.02003154115970034,right,-0.004206597805023193,-0.07194060897824364,0.7133025103133172,-9.755240715280175,-0.03630200172437319,-0.007320707198232412,-0.002286747097969055,0.7048872217327355,-0.00914013385772705
1746738759584936400,17.6349365234375,0.07289056668373906,0.00592247536405921,0.036046105001429074,-0.007706162519752979,0.008779764701171462,0.9986445363913032,0.020221882811045856,right,-0.003577291965484619,-0.07234554446673869,0.7123108689274639,-9.755026195746659,-0.03650718699527328,-0.010895658284425735,-0.004339031875133514,0.7088479420572519,-0.0075600966811180115
1746738759624936400,17.6749365234375,0.07259077575457072,0.0015534539707005024,0.035891091122454116,-0.0029389169067144394,0.00887771720770367,0.9986435421831327,0.02041819013005608,right,-0.0004322528839111328,-0.07264809076000396,0.7093707238223403,-9.75502502670288,-0.03666046162884722,-0.0018974915146827698,-0.0014685764908790588,0.7118070841237902,-0.0064847469329833984
1746738759664936200,17.714936279296875,0.07257610374545366,-0.0035076611675322056,0.03588232728571919,-0.001584528828971088,0.008894700857030074,0.9986413308579118,0.020456360119258728,right,-0.0030060410499572754,-0.072776111461473,0.7092210131533444,-9.754944362682103,-0.036725003209984494,-0.0032148919999599457,-0.0025440827012062073,0.7130592761419713,-0.004076145589351654
1746738759704936200,17.754936279296874,0.0725533635738528,-0.00902489759027958,0.03587485655644315,0.0018929258221760392,0.008748204418357062,0.9986387736959506,0.020170859219022435,right,-0.0002619028091430664,-0.073014130427648,0.7089868390712887,-9.754790633425117,-0.03683862322822662,-0.008952615782618523,-0.0024886131286621094,0.7153872076328843,-0.00405314564704895
1746738759744936200,17.794936279296873,0.07255548627857766,-0.009407530538737774,0.03588185794267585,-0.00012308091390877962,0.008521601292997456,0.9986336621740737,0.019731243881243057,right,-0.003174901008605957,-0.07339961977633971,0.7089874966584145,-9.754513570049404,-0.03702322248366607,-0.010985054075717926,-0.00391165167093277,0.719157446886599,-0.0067138224840164185
1746738759784936200,17.834936279296876,0.07245879728900634,0.0010837865993380547,0.03583494303711634,0.0014016319764778018,0.008400696492259512,0.9986270330135362,0.019504277872181383,right,-0.002650141716003418,-0.07391208793683793,0.708017628712952,-9.754213125798106,-0.037274620003290695,-0.013929849490523338,-0.00415349006652832,0.7241694298297167,-0.008452177047729492
1746738759824936200,17.874936279296875,0.07254423174965649,0.01536646205931902,0.03586557381641352,-0.0008988865884020925,0.008614007683665081,0.9986119667633883,0.019957840956672506,right,-0.0050394535064697266,-0.07454399015224529,0.7088176199842244,-9.753694070360064,-0.03759862025136522,-0.018761591985821724,-0.005248807370662689,0.7303492144431919,-0.007008902728557587
1746738759864936400,17.9149365234375,0.0726293252355467,0.015066459774971008,0.035891691991698026,0.003008581232279539,0.008942502423845361,0.9985962616788417,0.02064112216266278,right,-0.0036240816116333008,-0.07514788198640023,0.7096154923636466,-9.753191966056823,-0.03791276750530074,-0.015261960215866566,-0.004768267273902893,0.7362547852251679,-0.004080154001712799
1746738759904936200,17.954936279296874,0.07256848062218146,-0.0003521973267197609,0.035853255713163064,-0.004057929385453463,0.00907507622149079,0.9985874198283495,0.020921379648217574,right,-0.003933906555175781,-0.07561246685762156,0.7089971412695943,-9.752893275371193,-0.03814947936789493,-0.00900999829173088,-0.0043738484382629395,0.7407978354822844,-0.001955270767211914
1746738759944936200,17.994936279296876,0.07234983396513109,-0.005791196599602699,0.03574727802098882,-0.0042671277187764645,0.008968276813870404,0.9985893503650345,0.020704971495388514,right,-0.0026279091835021973,-0.07577222800510709,0.7068561106529087,-9.752930100250243,-0.03822438369067938,0.001318974420428276,-0.0032404884696006775,0.7423601163629442,-0.004681259393692017
1746738759984936200,18.034936279296875,0.07225358298121987,0.0026762820780277252,0.03570303162687659,-0.0011445325799286366,0.008913076115854427,0.9985962639530549,0.0205816125978118,right,-0.0024800896644592285,-0.07552265919701959,0.7059307394362986,-9.753182029184698,-0.03809714563586792,0.009347500279545784,-0.0036871209740638733,0.7399196644082665,-0.006647519767284393
1746738760024936200,18.074936279296875,0.07234131109343196,0.0025505609810352325,0.035747202027965726,0.003521531820297241,0.008971497498061734,0.99860176909767,0.02068709694339657,right,-0.0012388229370117188,-0.07511612132038482,0.7068081067927181,-9.753419345071912,-0.037896444738444425,0.008409351110458374,-0.004377476871013641,0.7359441849060356,-0.006236769258975983
1746738760064936200,18.114936279296874,0.07257714409909996,-0.00574171356856823,0.03586938001084762,0.0040146117098629475,0.008906577956720145,0.9986041382183705,0.0205540131562764,right,-0.0028118491172790527,-0.07478874041545643,0.7091256630200893,-9.753492410308121,-0.037731661567066754,0.005931086838245392,-0.0034039169549942017,0.732742685450986,-0.006078898906707764
1746738760104936400,18.1549365234375,0.0726890554000422,-0.010895395651459694,0.03593482004772824,0.007237113080918789,0.008675752320275955,0.998606790525315,0.0200906518032444,right,-0.0016949176788330078,-0.07464467080691234,0.7102248564336449,-9.753518129271269,-0.03765190471471324,-0.00029008230194449425,-0.0028835460543632507,0.7313337685011326,-0.007683411240577698
1746738760144936400,18.1949365234375,0.07291294700866749,-0.006997766904532909,0.03605414976611128,0.00559447193518281,0.008450049253550208,0.998602343327202,0.019651794414746914,right,-0.0016142725944519043,-0.0747732579892555,0.7124016890160739,-9.753265031293035,-0.037709164181676816,-0.003934646025300026,-0.004112519323825836,0.7325912942815571,-0.009439200162887573
1746738760184936200,18.234936279296875,0.0730189955963497,0.000642827246338129,0.03610973200098694,0.0003270599991083145,0.008383761072508641,0.998601588565621,0.019521829073423824,right,-0.003288865089416504,-0.07474051457838438,0.7134377540655433,-9.753213593366741,-0.037690917171102276,0.0019077803008258343,-0.00439714640378952,0.7322711224164813,-0.009229034185409546
1746738760224936200,18.274936279296874,0.07283509502786957,-0.00254200492054224,0.03601756280178355,-0.010077671147882938,0.00840939294646993,0.9986061550438613,0.01956334964473575,right,-0.003189384937286377,-0.07466242509262164,0.711648313365504,-9.75340122489333,-0.03765190530028986,0.002683576662093401,-0.006262205541133881,0.7315074445676059,-0.00806589424610138
1746738760264936200,18.314936279296877,0.07273650041628593,-0.0023395537864416838,0.03597101606772791,0.0057014478370547295,0.008383287871615526,0.9986130137111174,0.01949775960697875,right,-0.0024480819702148438,-0.07440146341440904,0.7107005111213773,-9.753661337134242,-0.03752001507738203,0.0005773007869720459,-0.0050044432282447815,0.728955348931998,-0.004851840436458588
1746738760304936200,18.354936279296876,0.07294803965021149,-0.006907039321959019,0.03607689862859128,0.004023886285722256,0.008333043792809509,0.9986051898993783,0.01941384138638288,right,-0.005094408988952637,-0.07463921624231643,0.712751086975634,-9.753338096529244,-0.03763809480849738,-0.013512208126485348,-0.003584921360015869,0.7312804308786988,-0.0028602108359336853
1746738760344936400,18.3949365234375,0.07311516497697673,-0.00700139906257391,0.03616197036077161,0.0031895218417048454,0.008197320986796377,0.9985930729288627,0.01916850620405833,right,-0.003077268600463867,-0.07518591462834463,0.7143518001705408,-9.752818456569313,-0.037907313086156545,-0.0074518718756735325,-0.0034597665071487427,0.7366266872774809,-0.005287766456604004
1746738760384936400,18.4349365234375,0.07304759269283347,0.003280983306467533,0.03612979937838945,-0.00326423067599535,0.00813915122862328,0.9985926302355105,0.01905358502566931,right,-0.0023532509803771973,-0.07529832118298986,0.7136867603905499,-9.752783969777822,-0.03796108442445124,0.000443893950432539,-0.004085831344127655,0.7377259537562727,-0.004739299416542053
1746738760424936200,18.474936279296877,0.07308136055770291,0.00942845270037651,0.03614178555799125,0.0026313327252864838,0.008272333576128554,0.9985915773141132,0.01932033749467556,right,-0.0013146400451660156,-0.07526387684370522,0.7140179651062936,-9.7527851388216,-0.037948844769486866,-0.00014090241165831685,-0.005015365779399872,0.7373891230173408,-0.0029622241854667664
1746738760464936200,18.514936279296876,0.07315854469682857,0.004434915259480476,0.036175622157370024,0.005504654720425606,0.00843085450294476,0.9985929600245299,0.019632653632052022,right,0.001354813575744629,-0.07504456335856165,0.7147825197380036,-9.752890937283635,-0.03784531391711871,0.015992190688848495,-0.0038735494017601013,0.7352444391388445,-0.005562528967857361
1746738760504936200,18.554936279296875,0.07337173537649307,-0.01096381526440382,0.03628904746720313,0.008054506964981556,0.008373310754874009,0.9986043215866042,0.01949612295879149,right,-0.0003122091293334961,-0.07425244864391119,0.7169041880670934,-9.753316469219326,-0.03744824345260746,0.018975477665662766,-0.002949759364128113,0.7274980627957731,-0.001974344253540039
1746738760544936200,18.594936279296874,0.0736905380851717,-0.02060423418879509,0.03646434364269102,0.011229926720261574,0.008008015226478407,0.9986095138899627,0.018760232014302658,right,-0.0008269548416137695,-0.07381623515138525,0.7200368600696325,-9.753402978459,-0.037218367631672515,0.004972831346094608,-0.003179028630256653,0.7232320028491318,-0.003540314733982086
1746738760584936400,18.6349365234375,0.07422855459996121,-0.009576220996677876,0.03674589280296816,0.0156417079269886,0.007673833537152478,0.9986047907928223,0.018105685446648447,right,-0.001238405704498291,-0.07367478687830106,0.725291784923151,-9.753115978211165,-0.03713787404714006,0.004707520827651024,-0.0033577531576156616,0.7218486587319523,-0.008317604660987854
1746738760624936400,18.6749365234375,0.0748993597226884,-0.000815853476524353,0.03708415041506059,0.013331269845366478,0.007598035509777464,0.9985959769320715,0.017972579331761426,right,-0.003243744373321533,-0.07350956053993803,0.7318429601322859,-9.752745975854992,-0.037055480959053165,0.005199936218559742,-0.003699943423271179,0.7202326749026775,-0.006785653531551361
1746738760664936200,18.714936279296875,0.07544395975324364,-0.003072693245485425,0.03735844755150637,0.01079699769616127,0.0075704658420147255,0.9985913893579201,0.017926338511486336,right,-0.0027831196784973145,-0.07321448392180938,0.7371702195696532,-9.752557759806514,-0.036909357820623594,0.008590186014771461,-0.003134705126285553,0.7173467442028224,-0.006254173815250397
1746738760704936200,18.754936279296874,0.07577290187582973,-0.007158529944717884,0.03752809537536451,0.006666249129921198,0.007476123964877311,0.9985925420509555,0.0177354726164608,right,-0.0034223198890686035,-0.0728463588200969,0.7403981686402111,-9.752577049028872,-0.03672322521931984,0.007402538321912289,-0.0034441426396369934,0.7137463085580616,-0.006324455142021179
1746738760744936200,18.794936279296873,0.07599774562885164,-0.00466487230733037,0.03764707571444009,0.005600903183221817,0.0073242106091194895,0.9985934923222001,0.017430923154466715,right,-0.0022287964820861816,-0.0726229940327826,0.742602985208109,-9.752568865722417,-0.036606809896301155,0.0015900777652859688,-0.003124333918094635,0.7115616579953581,-0.010187741369009018
1746738760784936200,18.834936279296876,0.0762826750627987,0.0037744040600955486,0.03778878462500429,0.006317257881164551,0.007342461637485109,0.9985888238413406,0.01747590046438874,right,-0.0022616982460021973,-0.07257047027723236,0.7453846518158912,-9.752394678199291,-0.036582481348348544,-0.0010913452133536339,-0.004381000995635986,0.7110479363195598,-0.010081436485052109
1746738760824936200,18.874936279296875,0.07662012031881646,0.008745898492634296,0.03795164907159827,0.007248264271765947,0.007478947578456288,0.998580199220936,0.017764214335685147,right,-0.004008471965789795,-0.07263752459883685,0.7486718567930162,-9.752094818469882,-0.036622668441583406,-0.0049947090446949005,-0.0035956278443336487,0.7117037698797881,-0.00864456593990326
1746738760864936400,18.9149365234375,0.07680675574164365,-0.0021493136882781982,0.038040406976622566,-0.002495883498340845,0.007530836025969941,0.9985688022114718,0.017890808424920506,right,-0.005118310451507568,-0.07304592462938038,0.7504695538647472,-9.751664025837183,-0.036829678295103176,-0.011306670494377613,-0.004528813064098358,0.7156981732781976,-0.008194699883460999
1746738760904936200,18.954936279296874,0.07700264916254793,-0.0064484793692827225,0.03814160088158519,0.010367751121520996,0.007398114652509591,0.9985617207978039,0.01764137858277693,right,-0.003971219062805176,-0.07328198296148497,0.7523667657881975,-9.751348384016751,-0.036943516104619975,-0.007049999665468931,-0.0030911043286323547,0.7180069616772234,-0.006212502717971802
1746738760944936200,18.994936279296876,0.07730647415433448,-0.010194377042353153,0.0382987904748991,0.00609256885945797,0.007203713936523851,0.9985525556337009,0.01727336040778698,right,-0.004002928733825684,-0.07354114244308639,0.7553150941997766,-9.750933373475075,-0.0370669817299022,-0.007686014287173748,-0.002489544451236725,0.7205415947213768,-0.00406685471534729
1746738760984936200,19.034936279296875,0.07745583748056341,-0.01316163595765829,0.03838213139528491,0.0011865012347698212,0.00692322474621725,0.9985465929224481,0.01672783622226955,right,-0.004322230815887451,-0.07381572848463262,0.7567561598535627,-9.750622992351651,-0.037194142697948976,-0.002659841440618038,-0.0019398108124732971,0.7232270344130695,-0.0053808242082595825
1746738761024936200,19.074936279296875,0.07709255240325147,-0.006312819663435221,0.03821060025937185,-0.010274485684931278,0.006662284041347619,0.9985550546149965,0.01619250820893668,right,-0.0039027929306030273,-0.07383733148641412,0.7532126420278101,-9.750881351026893,-0.03719344078699819,0.003708268515765667,-0.0024927332997322083,0.7234383390761912,-0.008503220975399017
1746738761064936200,19.114936279296874,0.07660133136224942,0.005288260523229837,0.03796646238777353,-0.009015027433633804,0.006665446399646155,0.9985674855422072,0.016174203653383137,right,-0.001842498779296875,-0.07367309419021166,0.7484317644268274,-9.75136884228289,-0.03710945628329759,0.003808364737778902,-0.003710232675075531,0.7218320729233324,-0.005966246128082275
1746738761104936400,19.1549365234375,0.07623991777356376,0.005629193037748337,0.037781741553616334,-0.007005983032286167,0.0068107754073732495,0.9985762543645486,0.01644573560407131,right,-0.000540614128112793,-0.07351415029085158,0.7449162305865437,-9.751752873164415,-0.03703402618415724,0.005685638636350632,-0.004223786294460297,0.7202776100229471,-0.00632418692111969
1746738761144936400,19.1949365234375,0.07611603860261591,-0.005440153181552887,0.03771950088011246,0.00009624846279621124,0.006858156715161457,0.9985825454559099,0.016527138257643396,right,-0.0006123781204223633,-0.07328223621410578,0.7437208102568984,-9.752011231839656,-0.03691934911126852,0.003421651665121317,-0.003995396196842194,0.7180094458952546,-0.0031002461910247803
1746738761184936200,19.234936279296875,0.07617416159999167,-0.017487961798906326,0.03775784399637366,0.005374446976929903,0.00659980411125573,0.9985824889622906,0.016013197749436395,right,-0.0018222332000732422,-0.0733173858091595,0.7442857506632804,-9.751942842778563,-0.03692739833780757,-0.0012955251149833202,-0.00392913818359375,0.7183532178316265,-0.0032719895243644714
1746738761224936200,19.274936279296874,0.07644457005828563,-0.013978278264403343,0.03790586297229502,0.010200945660471916,0.006246017857699252,0.9985800380296672,0.015313797454840279,right,-0.0025194287300109863,-0.07329608085445855,0.7469238440819084,-9.751756380295753,-0.03690439864106168,0.006116438191384077,-0.005949869751930237,0.7181448357779532,-0.007469795644283295
1746738761264936200,19.314936279296877,0.07671641422260338,-0.0014327559620141983,0.03805049338578437,0.007632916793227196,0.006077589690909156,0.9985860244928969,0.014965014001712549,right,-0.0010946989059448242,-0.07273998083764409,0.7496053382508456,-9.75194985704124,-0.03662096242784215,0.02029181271791458,-0.00587618350982666,0.7127058595944196,-0.009566076099872589
1746738761304936200,19.354936279296876,0.07707829559555374,0.00653367955237627,0.03823092794288177,0.012095825746655464,0.006190519797457615,0.9985927377897031,0.015173563886494903,right,-0.001973271369934082,-0.07194417611040532,0.7531777168449014,-9.752240364420413,-0.036228716997509625,0.013152308762073517,-0.00433117151260376,0.7049220738504082,-0.006586350500583649
1746738761344936400,19.3949365234375,0.07743460564411601,0.00400629173964262,0.0384066184194062,0.009433310478925705,0.0062966949233867215,0.9985916076092561,0.015385199071933284,right,-0.002637207508087158,-0.07158677827737774,0.7566719887014478,-9.752221659719943,-0.03605544040601061,0.0031388038769364357,-0.0028689056634902954,0.7014262676239014,-0.007338754832744598
1746738761384936400,19.4349365234375,0.0776969625702772,0.0013994048349559307,0.03853681297447531,0.007252807728946209,0.006332892755343028,0.998588606294942,0.015462116916002243,right,-0.0016259551048278809,-0.07145768657974826,0.7592375283405184,-9.752113523170351,-0.035993294823053086,0.0009572114795446396,-0.002127707004547119,0.7001635542117058,-0.007953718304634094
1746738761424936200,19.474936279296877,0.07791945692277485,0.004605793859809637,0.03864451448916438,0.004962751641869545,0.006416917764866473,0.9985830341715431,0.015640015849622452,right,-0.002112746238708496,-0.0714982091819987,0.7614050816379487,-9.751915954771638,-0.036017668651535474,-0.005668414290994406,-0.001631312072277069,0.7005599331181496,-0.007234714925289154
1746738761464936200,19.514936279296876,0.07801816691013472,0.009538967162370682,0.03868782171700063,-0.0014819465577602386,0.006559540301164499,0.9985776935150816,0.0159348287269257,right,-0.0021549463272094727,-0.0716406953804758,0.7623598981447517,-9.75174118272662,-0.03609482712352966,-0.0005662334151566029,-0.002036251127719879,0.7019536524988711,-0.009963642805814743
1746738761504936200,19.554936279296875,0.07782829618876069,0.014050863683223724,0.03858425945749226,-0.005139571614563465,0.006816494771958528,0.998580965226017,0.016439733928930975,right,-0.0014063119888305664,-0.07156750246588281,0.7605122975166887,-9.751936997559666,-0.03606740251270913,0.0006914217956364155,-0.003421686589717865,0.7012376862492412,-0.009709715843200684
1746738761544936200,19.594936279296874,0.07735945205884724,0.008699329569935799,0.038344543333992766,0.002081131562590599,0.007015008648574297,0.9985926195472847,0.01681174348432739,right,0.0021955370903015137,-0.07134581552713769,0.7559520769290625,-9.752447285169362,-0.035962251481187105,0.004984679631888866,-0.0018193423748016357,0.6990692561689764,-0.008477568626403809
1746738761584936400,19.6349365234375,0.07740154843056304,-0.002599620260298252,0.038362414885917365,0.0029826276004314423,0.007099041320215003,0.9985909430113631,0.01698220298573907,right,-0.0003822445869445801,-0.07136223911815066,0.7563617537084967,-9.752404030549526,-0.03597386810660357,-0.006889444775879383,-0.00250360369682312,0.699229926623404,-0.003739304840564728
1746738761624936400,19.6749365234375,0.07759412331775555,-0.014101969078183174,0.03846175642478855,0.010076938197016716,0.006934483832288911,0.9985799833816706,0.01667793947585497,right,-0.000021457672119140625,-0.07183212563462942,0.7582142497073858,-9.7519293987751,-0.03620330556687358,-0.012092767283320427,-0.003009311854839325,0.7038260953072458,-0.004203520715236664
1746738761664936200,19.714936279296875,0.07784901899890577,-0.016530610620975494,0.03859739888501464,0.004824931733310223,0.006620761231681433,0.9985677552868057,0.01607931000534611,right,-0.0031584501266479492,-0.0723538577985257,0.7606712874706835,-9.751368257761001,-0.03645312626273735,-0.011821323074400425,-0.004475794732570648,0.7089292636651545,-0.006042838096618652
1746738761704936200,19.754936279296874,0.07794694447976289,0.00012138485908508301,0.03865152931753446,0.0037647001445293427,0.006424579982345038,0.9985608501021951,0.015703617624813974,right,-0.002248108386993408,-0.07270160116138867,0.7616069608855992,-9.751047355243562,-0.03661980811268637,-0.0053590224124491215,-0.004009246826171875,0.7123305234760046,-0.007566466927528381
1746738761744936200,19.794936279296873,0.07795268923854784,0.011136679910123348,0.038647343800065785,-0.0017951121553778648,0.006603289993280125,0.998557950734156,0.016065335934302878,right,-0.0028181076049804688,-0.07279252060930083,0.7616578873552382,-9.75097838166058,-0.03667220911634286,-0.00045088306069374084,-0.003962352871894836,0.7132197274006903,-0.006436757743358612
1746738761784936200,19.834936279296876,0.07806227488892181,0.0086823720484972,0.03869066048408856,-0.002788454992696643,0.006930705266366258,0.9985558679361894,0.01672020219815448,right,-0.005366086959838867,-0.07266708129481253,0.7627334076322615,-9.750984226879478,-0.036622613972391485,0.0008267945377156138,-0.0027603060007095337,0.7119928890194743,-0.001450076699256897
1746738761824936200,19.874936279296875,0.07784781897185857,0.0012184162624180317,0.03857990934098789,-0.007145807147026062,0.007060929040293371,0.9985620710016854,0.016966566406997684,right,-0.0023759007453918457,-0.07249911035979703,0.7606515598569065,-9.751266550952195,-0.036542764085356415,0.0055757444351911545,-0.0029380768537521362,0.7103499441180378,-0.003709562122821808
1746738761864936400,19.9149365234375,0.07770993951989755,0.0020612571388483047,0.03851237650157614,0.00009191688150167465,0.007090004955758178,0.998571824069114,0.017003976723165604,right,-0.0014815330505371094,-0.07209638187323075,0.759329225211963,-9.751655842530727,-0.036341925577327044,0.012620462104678154,-0.00432094931602478,0.7064108511034399,-0.007496729493141174
1746738761904936200,19.954936279296874,0.07767946034365364,0.006743708159774542,0.03849679859308727,-0.00011819480278063565,0.007195661001904988,0.9985825548815642,0.017190668466297316,right,-0.001988232135772705,-0.07148839769615474,0.7590651674482971,-9.752105339863895,-0.03604185823172191,0.014220576733350754,-0.003775179386138916,0.7004639253977686,-0.008542805910110474
1746738761944936200,19.994936279296876,0.07781207099495761,0.004143344238400459,0.03856126268194807,0.003984008450061083,0.0073427981022871885,0.9985902149412071,0.017465267755846437,right,-0.0018475651741027832,-0.07085428338714711,0.7603927627902477,-9.752445531603694,-0.03573102711414321,0.010307470336556435,-0.0029906034469604492,0.6942611252348869,-0.007300212979316711
1746738761984936200,20.034936279296875,0.07798795566616865,-0.002653248608112335,0.03865078121993296,0.002681853249669075,0.007336173772700676,0.9985916608667907,0.017447517456566794,right,-0.003420114517211914,-0.07058023253975418,0.7621228745184838,-9.752500476661323,-0.03559450151771659,0.0008633630350232124,-0.002875909209251404,0.6915803617183118,-0.007905542850494385
1746738762024936200,20.074936279296875,0.0780704096900751,-0.002022281289100647,0.03869520600604337,0.0033913273364305496,0.007236111404789734,0.9985899906372803,0.01725183381544837,right,-0.002697885036468506,-0.07062557101572868,0.762924546290189,-9.752406368637084,-0.03561365470988046,-0.004622802138328552,-0.0034097060561180115,0.6920238677021116,-0.009711690247058868
1746738762064936200,20.114936279296874,0.07809678277372646,0.0017402658704668283,0.03870743387100603,0.00037364521995186806,0.007216875785807066,0.9985846348560596,0.01722537917823207,right,-0.00204622745513916,-0.07090826279462512,0.763166465287283,-9.752191264581679,-0.03575438065779191,-0.010447069071233273,-0.0046763792634010315,0.6947891676969826,-0.009489599615335464
1746738762104936400,20.1549365234375,0.0780723032860672,0.009157073684036732,0.0386891847433477,-0.0009625514503568411,0.007351295830020421,0.9985804002612908,0.017502105587308962,right,-0.003520190715789795,-0.07112117074091984,0.7629161437880247,-9.75206208524406,-0.03586594499730203,-0.0034440387971699238,-0.004963427782058716,0.6968718191899359,-0.008479155600070953
1746738762144936400,20.1949365234375,0.07775489549621542,0.006665629800409079,0.03852410813681058,-0.01118747889995575,0.007530557663914046,0.9985841447048018,0.017852167686893003,right,-0.005716860294342041,-0.07118315480424851,0.7598173740550875,-9.752260822686553,-0.035902468400607665,0.0009145359508693218,-0.005812168121337891,0.6974781145200133,-0.009418994188308716
1746738762184936200,20.234936279296875,0.07731214440920815,0.0026872260496020317,0.03830240650763592,-0.0059089576825499535,0.007575833828620843,0.9985943468791277,0.017922281990953786,right,-0.004206836223602295,-0.07106399463522417,0.755505867531523,-9.752678755837678,-0.03584265323396441,0.0010418060701340437,-0.0055525824427604675,0.696312504806742,-0.006632201373577118
1746738762224936200,20.274936279296874,0.07681420154959263,0.00479205884039402,0.038051738456930544,-0.009728549048304558,0.007630165104274528,0.9986023513197452,0.018015944322533894,right,-0.00013554096221923828,-0.07113417151570696,0.7506457872144877,-9.753004919052124,-0.03587758332372041,-0.00013122789096087217,-0.004440709948539734,0.6969990257661789,-0.007674179971218109
1746738762264936200,20.314936279296877,0.07652353561402543,0.00197006412781775,0.03790184742524276,-0.00622069276869297,0.007742642058145872,0.9986043487683158,0.0182366728602794,right,-0.000794529914855957,-0.07128709344358361,0.7478027458082884,-9.753116562733053,-0.03595700908252732,-0.0054850345477461815,-0.0046500563621521,0.6984948172818869,-0.005260445177555084
1746738762304936200,20.354936279296876,0.0763245793361445,0.0007821369217708707,0.03779811952632061,-0.003713198471814394,0.007790275405833994,0.9985993218483107,0.018343043211293146,right,-0.0018520951271057129,-0.07175803353937456,0.7458370717585087,-9.75293594546914,-0.03619338627849175,-0.013296015560626984,-0.004385687410831451,0.7031013612292707,-0.005126766860485077
1746738762344936400,20.3949365234375,0.07631479292579676,0.004921354819089174,0.03778710628546729,0.0065675717778503895,0.007865196319453961,0.9985886504691044,0.018514663408650642,right,-0.00018417835235595703,-0.07232733907068513,0.745711034226045,-9.752542562237382,-0.03648083784099295,-0.012587103992700577,-0.004463426768779755,0.7086698820766061,-0.0045842453837394714
1746738762384936400,20.4349365234375,0.0763213865641309,-0.0018045124597847462,0.0377858760436252,0.009505889378488064,0.007914300464476885,0.9985800277775433,0.01863059768333066,right,0.0021507740020751953,-0.07277768637645221,0.7457509278450161,-9.752218152588606,-0.03670790186446904,-0.005462534725666046,-0.0019840002059936523,0.7130746929068118,-0.0040873512625694275
1746738762424936200,20.474936279296877,0.07657334995100629,-0.012575328350067139,0.037915685120493675,0.005534015595912933,0.007787325587143052,0.9985747286578515,0.018388712517455604,right,-0.001675724983215332,-0.07285958301073472,0.748203581694141,-9.751972068873048,-0.03674520235569777,0.003363322466611862,-0.0038247331976890564,0.7138756340261548,-0.002164706587791443
1746738762464936200,20.514936279296876,0.07657460598835147,-0.013369077816605568,0.03793019680829284,0.003985316958278418,0.007456675937915716,0.9985826027687728,0.017715108673423866,right,-0.00042384862899780273,-0.07256425371594424,0.7482319310057908,-9.752180743187665,-0.036584982860583024,0.014692381955683231,-0.003930196166038513,0.7109871460430324,-0.005612775683403015
1746738762504936200,20.554936279296875,0.07668372122220114,-0.003516286611557007,0.0379979213144798,0.0032391787972301245,0.0072206629780252884,0.9985969960332733,0.017214697825180907,right,-0.0019391179084777832,-0.07174421277042449,0.7493404767695814,-9.752677002272009,-0.0361664524881412,0.02587863802909851,-0.005624309182167053,0.7029661905422806,-0.009186219424009323
1746738762544936200,20.594936279296874,0.07681767066939035,0.0035471320152282715,0.03807098773974107,0.005309300031512976,0.0072125369816069314,0.9986132486056593,0.017162413463054686,right,-0.0021991729736328125,-0.07068928156358344,0.7507033626206219,-9.753310624000429,-0.035639223240047806,0.02272527851164341,-0.005168214440345764,0.6926470411017537,-0.008678846061229706
1746738762584936400,20.6349365234375,0.07704668334344321,0.0021868906915187836,0.0381871535085663,0.0032804696820676327,0.00729074744948779,0.9986228977275841,0.017294748700607897,right,-0.0014781355857849121,-0.06985325169052366,0.7529812444247305,-9.753712190538645,-0.03522515035767084,0.013549482449889183,-0.003905363380908966,0.6844686300169676,-0.007953871041536331
1746738762624936400,20.6749365234375,0.07716762213101835,-0.0027828472666442394,0.038249268375761585,0.005806786008179188,0.007296458919104795,0.9986266968339179,0.017296700231271132,right,-0.00084686279296875,-0.06949973059080249,0.7541794412333518,-9.753861828142403,-0.03504911445350078,-0.0007187454029917717,-0.003384917974472046,0.6810102331914007,-0.006253838539123535
1746738762664936200,20.714936279296875,0.07740458757249306,-0.00299896951764822,0.03836671619334795,0.005506227724254131,0.007258936010922426,0.9986161523541056,0.017243942137644762,right,-0.0018052458763122559,-0.0698604052572786,0.756471716888994,-9.753437465250492,-0.03522905006643618,-0.013508890755474567,-0.005183905363082886,0.6845386265132576,-0.007009819149971008
1746738762704936200,20.754936279296874,0.07768686233472992,0.0028003863990306854,0.038503737952936525,0.006773391738533974,0.007270575559285988,0.9986003221383024,0.01730016775608534,right,-0.002147495746612549,-0.07044653178760953,0.7591935430683195,-9.75282196370065,-0.035523805510803745,-0.009858723729848862,-0.004996359348297119,0.6902724209249019,-0.007831357419490814
1746738762744936200,20.794936279296873,0.07785325262827678,0.00026427791453897953,0.038582174977581284,0.0019068410620093346,0.007328921773156463,0.998589158155803,0.017439765197198094,right,-0.003173828125,-0.07087506253000515,0.7607932333499193,-9.752399354374408,-0.03574106070094079,-0.007444798946380615,-0.004717536270618439,0.6944643927220254,-0.00718148797750473
1746738762784936200,20.834936279296876,0.07783141986681931,-0.004470372572541237,0.03857386934230988,0.008259532041847706,0.00726369541593035,0.9985908607033916,0.01730664158133223,right,-0.0018856525421142578,-0.07083159963228564,0.7605826593391597,-9.752446116125583,-0.035716711711008944,0.004131896421313286,-0.002092786133289337,0.6940392261125147,-0.006642915308475494
1746738762824936200,20.874936279296875,0.07791627585055179,-0.004125868435949087,0.03862006220491186,0.0002864440903067589,0.0071567676668582965,0.998590138756424,0.01709514383403344,right,-0.002279818058013916,-0.07082204957525463,0.7614107807263731,-9.752388248458503,-0.035708168369516784,0.0015574432909488678,-0.0033908411860466003,0.6939458487406372,-0.005663678050041199
1746738762864936400,20.9149365234375,0.07794926871725626,0.0000025373883545398712,0.038638020529575455,0.001737461774609983,0.007115213706789537,0.998589875605522,0.017012952551208764,right,-0.0015084147453308105,-0.07081833672218196,0.7617327061571181,-9.752365452104806,-0.03570484426652147,-0.00008983234874904156,-0.003212481737136841,0.6939095353182405,-0.006781063973903656
1746738762904936200,20.954936279296874,0.07791531753965293,0.0000787334211054258,0.03862127582551543,-0.0012674204772338271,0.007106784477375449,0.9985901156703563,0.01699569242153553,right,-0.002926766872406006,-0.0708396451522567,0.7614004785280675,-9.75237655802071,-0.03571503287151924,-0.004400013945996761,-0.0040244460105896,0.6941179173719138,-0.006772883236408234
1746738762944936200,20.994936279296876,0.07780438227519625,0.0043257144279778,0.03856324646020949,-0.002421735320240259,0.007146204436593962,0.9985879630045207,0.017079689921672827,right,-0.0018306970596313477,-0.07106944366195676,0.7603061804853379,-9.752301739218831,-0.03583099139423764,-0.008621073327958584,-0.004691474139690399,0.696365842429176,-0.005913488566875458
1746738762984936200,21.034936279296875,0.07774251556243413,0.005217378959059715,0.03852584655942423,-0.003852837486192584,0.007304073290090293,0.9985852803941077,0.0173997012586336,right,-0.0005707740783691406,-0.0712237111716575,0.7596944783277809,-9.752241533464193,-0.035913958271504606,-0.0019863233901560307,-0.004408560693264008,0.6978748587526381,-0.0052941665053367615
1746738763024936200,21.074936279296875,0.07790319136001253,0.0028274308424443007,0.03859977687382625,-0.0006805974990129471,0.007476879003036817,0.9985809361940946,0.01775141502886215,right,-0.0039825439453125,-0.07121945721774249,0.7612616545792669,-9.752122290998697,-0.03591921041176456,-0.0011183263268321753,-0.005140490829944611,0.6978332115679979,-0.0033181235194206238
1746738763064936200,21.114936279296874,0.0778890531931283,-0.0022815910633653402,0.03859267085422556,-0.0004348767688497901,0.0074757508633809065,0.9985809284939854,0.017749297590950026,right,-0.0018161535263061523,-0.07123601958660662,0.7611228306304663,-9.752121706476807,-0.035927385807516074,-0.00041771307587623596,-0.0038623586297035217,0.6979952702619135,-0.004451543092727661
1746738763104936400,21.1549365234375,0.07808939372443295,-0.001222173566929996,0.03869615284780664,0.007293359376490116,0.007409711422371463,0.9985812178103142,0.017616038641025972,right,-0.0013583898544311523,-0.07102778037670104,0.7630879201583564,-9.752113523170351,-0.035821587134791444,0.00829614419490099,-0.0042853280901908875,0.6959582845415919,-0.005784481763839722
1746738763144936400,21.1949365234375,0.0783749452717787,-0.0015572772826999426,0.03884172079904406,0.008016037754714489,0.007391957104969445,0.9985835293759269,0.01757337035662036,right,-0.0019851326942443848,-0.07058867779307255,0.7658964747730642,-9.752199447888135,-0.035602581998507486,0.008743582293391228,-0.004101209342479706,0.6916629254352301,-0.007115781307220459
1746738763184936200,21.234936279296875,0.07866220821797451,0.00014643429312855005,0.03898839789614693,0.005780152510851622,0.0073759928471991264,0.9985866845432961,0.017531984029322108,right,-0.003063380718231201,-0.07009310709549081,0.7687246839363128,-9.752319274875521,-0.03535540954603086,0.011379092931747437,-0.0045725032687187195,0.686815047012642,-0.007917694747447968
1746738763224936200,21.274936279296874,0.07879321873371603,-0.0033476846292614937,0.039057840412598584,0.0021511237137019634,0.007317819062749359,0.9985908097114655,0.017405890396720698,right,-0.003088533878326416,-0.06973511207947267,0.770021664944291,-9.752463067260384,-0.03517468887746674,0.00045174267143011093,-0.004382431507110596,0.6833129571758211,-0.007577572017908096
1746738763264936200,21.314936279296877,0.07885298017116607,-0.002188699785619974,0.03908839827592218,0.000758072012104094,0.007266184537230059,0.9985867475523411,0.017311983462972087,right,-0.003450334072113037,-0.06992135859222579,0.7705944233309477,-9.752290048781036,-0.035266062517483404,-0.01029362715780735,-0.004337184131145477,0.6851349119059741,-0.008869171142578125
1746738763304936200,21.354936279296876,0.07883883367594642,-0.0016942138317972422,0.039079811421975544,0.000049518945161253214,0.007249391903956746,0.9985806983045092,0.017292634788184696,right,0.00011324882507324219,-0.07029333419792093,0.7704363832250237,-9.752046303153037,-0.03545135110464413,-0.006510942243039608,-0.00519862025976181,0.6887737798649818,-0.007245324552059174
1746738763344936400,21.3949365234375,0.07892006478137661,-0.0033219545148313046,0.03911743419380226,0.0014044269919395447,0.007264783113013395,0.9985718171677683,0.01734257555202179,right,-0.0019511580467224121,-0.07070128671532498,0.7712062716189771,-9.751702604281903,-0.03565630306799583,-0.013670910149812698,-0.004766397178173065,0.6927645300015807,-0.005528688430786133
1746738763384936400,21.4349365234375,0.07881185213369467,-0.010207051411271095,0.03906968660403085,0.009705844335258007,0.007035860039601656,0.998569443769242,0.016894056226029224,right,0.002973496913909912,-0.0710497829288664,0.7701319934509694,-9.751544783371687,-0.03582114331443621,-0.00034116581082344055,-0.0027299821376800537,0.696173534727469,-0.008836701512336731
1746738763424936200,21.474936279296877,0.07909987406994957,-0.012772084213793278,0.03922297808547056,0.010480730794370174,0.0067676652715250975,0.9985657819967036,0.016366852017150248,right,-0.0017533302307128906,-0.07104035371112975,0.7729411325875669,-9.751329094794391,-0.03580711078189247,-0.000659899553284049,-0.003058135509490967,0.6960812533341347,-0.004925556480884552
1746738763464936200,21.514936279296876,0.07936454012570011,-0.012778889387845993,0.03936530382600782,0.007613987661898136,0.006451547110337279,0.9985593525142082,0.015750534256255735,right,-0.0021584630012512207,-0.07122390330571367,0.7755117867931723,-9.750996501839161,-0.035887518682953215,-0.005917144939303398,-0.002531863749027252,0.6978767584487795,-0.00629916787147522
1746738763504936200,21.554936279296875,0.07940637047590292,-0.0038841869682073593,0.0393927430498382,-0.0008838251233100891,0.006260860384122326,0.9985588493259355,0.01537216910176952,right,-0.003959536552429199,-0.07127528282228927,0.7759168604627251,-9.750928112778068,-0.03590585309479687,-0.0005647996440529823,-0.005058586597442627,0.6983793011434376,-0.008133962750434875
1746738763544936200,21.594936279296874,0.07922004824926791,0.013058802112936974,0.039297212857695815,-0.00290800747461617,0.006333865674349622,0.9985620968465976,0.015511673488120312,right,-0.003000497817993164,-0.07127485993703718,0.7741000202991067,-9.75107307420671,-0.03590779918554667,-0.0014420781517401338,-0.0038515031337738037,0.6983752094902098,-0.007782064378261566
1746738763584936400,21.6349365234375,0.0790779144810294,0.019091829657554626,0.039212526199708116,-0.00961401965469122,0.006701072425756973,0.9985605848094158,0.016246434741157566,right,-0.0031177401542663574,-0.07138532898041751,0.7727079814188181,-9.751105807432532,-0.03597690973378553,-0.0044630770571529865,-0.0064618587493896484,0.6994557712685316,-0.006698213517665863
1746738763624936400,21.6749365234375,0.07902343589047561,0.014929172582924366,0.039171524219084174,-0.0020607137121260166,0.0070978619492505,0.9985602556565475,0.017035979724016544,right,-0.002920091152191162,-0.0713046305336918,0.7721811810657382,-9.751204591631888,-0.03595190709548035,-0.001006461912766099,-0.006462708115577698,0.6986663744565099,-0.0025844573974609375
1746738763664936200,21.714936279296875,0.07909453811858515,-0.0020361458882689476,0.03920220507106378,0.0017144735902547836,0.007228181527391372,0.9985576700145294,0.017300115107091816,right,-0.0032064318656921387,-0.07131867400349058,0.7728737664397806,-9.751139709702134,-0.035964348470557454,-0.004270534962415695,-0.005943261086940765,0.6988037371005863,-0.0021799951791763306
1746738763704936200,21.754936279296874,0.07933959528639371,-0.008918064646422863,0.03932917722036309,0.010658787563443184,0.0070823274062059224,0.9985523601316673,0.01702015426225212,right,-0.0013880729675292969,-0.07140228643741042,0.775258688814938,-9.750891872420906,-0.036001474454085365,0.0029586758464574814,-0.00566951185464859,0.6996216293547302,-0.006541609764099121
1746738763744936200,21.794936279296873,0.07987277386996947,-0.0065458426252007484,0.03960138844426985,0.015425411984324455,0.006931548877418115,0.9985457050071255,0.016730797193749446,right,-0.0011197924613952637,-0.07123874892645471,0.780466632721573,-9.750590843647718,-0.035915985692042185,0.003934141248464584,-0.003744058310985565,0.6980219390731305,-0.007899709045886993
1746738763784936200,21.834936279296876,0.080590141570637,-0.005697344429790974,0.03996316531784644,0.017920376732945442,0.006832828466568201,0.9985337067571417,0.016555016007890624,right,-0.0040051937103271484,-0.07114385431031049,0.7874665746115148,-9.750094584563374,-0.03586758101698148,-0.002557133324444294,-0.003160819411277771,0.6970937183123082,-0.008185982704162598
1746738763824936200,21.874936279296875,0.08109771982937732,-0.008172313682734966,0.04022145405024003,0.007372953929007053,0.0066749695283547855,0.998523112492904,0.016260527218474725,right,-0.003369450569152832,-0.07122858610555718,0.7924106068849563,-9.74963456583619,-0.0359056914177681,-0.0013019301695749164,-0.003147326409816742,0.6979225703518838,-0.009229395538568497
1746738763864936400,21.9149365234375,0.08135439213532535,-0.003471659030765295,0.040353924642741665,0.00903784018009901,0.006532499041366782,0.99851672978999,0.015989166344467152,right,-0.0031851530075073242,-0.07134505746606369,0.7949064422886818,-9.749349903675913,-0.03595922275996139,-0.003265716601163149,-0.0023900792002677917,0.6990618035148829,-0.00836770236492157
1746738763904936200,21.954936279296874,0.08154144800685655,0.0037961159832775593,0.04044543525374532,0.0027572321705520153,0.006548841755846297,0.9985090502631129,0.016037405308073367,right,-0.0038518905639648438,-0.07155850228033139,0.7967179486900567,-9.749051797512173,-0.036067369026435175,-0.003475988982245326,-0.0030501261353492737,0.7011496426396071,-0.010362338274717331
1746738763944936200,21.994936279296876,0.08147274022768387,0.006857249885797501,0.040405058632269,-0.00480065681040287,0.006711543241288747,0.9985085845939548,0.016362596892576894,right,-0.002624690532684326,-0.0716019816871059,0.7960456023864447,-9.74907634743154,-0.036095421235312314,-0.0025805088225752115,-0.004491791129112244,0.7015749553795904,-0.006922200322151184
1746738763984936200,22.034936279296875,0.08127315233863944,-0.00486452691257,0.040300901376883316,-0.005047693848609924,0.006822383413790236,0.998509889073663,0.01658202586962115,right,-0.0020904541015625,-0.07171510509654633,0.7940932992748916,-9.749155842408538,-0.036155648343724936,-0.001016745576635003,-0.003256097435951233,0.7026814553167671,-0.006661675870418549
1746738764024936200,22.074936279296875,0.08147450901476937,-0.005675414577126503,0.04040209603119901,0.005647174082696438,0.00677922533585302,0.998503628382904,0.016508487356848543,right,-0.0027655959129333496,-0.07185188999245339,0.7960485249958932,-9.748899821820855,-0.03622313872050247,-0.0038339458405971527,-0.0036723464727401733,0.7040194259222596,-0.006073109805583954
1746738764064936200,22.114936279296874,0.08176516155083872,-0.01104884035885334,0.04055054860138537,0.008117340505123138,0.006635538699169125,0.9984931765108377,0.01624372207398059,right,-0.0013961195945739746,-0.07215521694781124,0.7988646053299308,-9.748455000662803,-0.03637018921712667,-0.012178572826087475,-0.002537854015827179,0.7069863129038363,-0.004251368343830109
1746738764104936400,22.1549365234375,0.08209916474002599,-0.0147146787494421,0.04072250792260139,0.0065347012132406235,0.006381999536990322,0.9984753678742682,0.01577698351912394,right,-0.003724038600921631,-0.0728549961080274,0.8020797679841518,-9.747692199596763,-0.036711143335119906,-0.020872436463832855,-0.004866771399974823,0.7138307719711214,-0.006333746016025543
1746738764144936400,22.1949365234375,0.08220056812780965,-0.0006552506238222122,0.040774511752634406,0.003999773878604174,0.006223840194956134,0.9984594777826108,0.015497509789672289,right,-0.0019861459732055664,-0.07366646014430535,0.8030204098351299,-9.747029936295748,-0.037110869168367255,-0.01780761405825615,-0.005080670118331909,0.7217671909935772,-0.008557185530662537
1746738764184936200,22.234936279296875,0.08236921343235053,0.016644136980175972,0.04084629129593937,0.0036292499862611294,0.006464247709725869,0.9984433131838859,0.016010553892940108,right,-0.0014516711235046387,-0.0742740435494283,0.8046279180970043,-9.746455351278184,-0.03742518580675954,-0.01668727584183216,-0.005651511251926422,0.7277092943936586,-0.006836153566837311
1746738764224936200,22.274936279296874,0.08247612343990919,0.013994800858199596,0.04088480311500027,0.0025558178313076496,0.006810976424877004,0.9984330515187689,0.01672207312160998,right,-0.0013367533683776855,-0.07458604945234584,0.8056511967301369,-9.746142632067203,-0.03759583316751798,-0.006781005300581455,-0.0034667029976844788,0.7307604986578226,-0.004175335168838501
1746738764264936200,22.314936279296877,0.08246078708875884,-0.00048347003757953644,0.04087402332607328,-0.0007588264998048544,0.006914309174119978,0.9984350731597147,0.016923041780489465,right,-0.0021334290504455566,-0.07445509595625205,0.8055095963023603,-9.746250184094905,-0.03753451638468558,0.004662930034101009,-0.003175012767314911,0.7294798842627555,-0.0034426599740982056
1746738764304936200,22.354936279296876,0.08235424181987444,-0.003523019142448902,0.04082672660929636,-0.0011232602410018444,0.006813163125671687,0.9984445294609097,0.016701773162054106,right,-0.0022864937782287598,-0.07410205438367388,0.8044923090185969,-9.746592129400373,-0.03735338917319697,0.008692239411175251,-0.0036745592951774597,0.7260272595908492,-0.006228193640708923
1746738764344936400,22.3949365234375,0.08233541455238652,0.0028319661505520344,0.04082053052931758,0.0019480825867503881,0.006796057694716034,0.9984532209689891,0.0166482266490415,right,-0.002325594425201416,-0.07365438297046213,0.8043354379564523,-9.7469305675745,-0.03712875144745283,0.010261599905788898,-0.004967384040355682,0.7216491175718605,-0.007785864174365997
1746738764384936400,22.4349365234375,0.08241408749949079,0.0035847066901624203,0.0408604216535175,0.002952312584966421,0.006870003041886832,0.9984620568317786,0.01677440792336369,right,-0.0028162598609924316,-0.07305578584476845,0.8051376942500471,-9.747295893755554,-0.03683276705481231,0.014869052916765213,-0.003981299698352814,0.7157946193899959,-0.007279537618160248
1746738764424936200,22.474936279296877,0.08245275781425805,-0.00034897634759545326,0.04088186912334061,0.001937959692440927,0.00691003017863381,0.9984725648700368,0.01682950743242457,right,-0.002608358860015869,-0.0724179717885133,0.8055520472045987,-9.747717918559909,-0.036515615533349456,0.01189754344522953,-0.0032284632325172424,0.709556382587552,-0.006430037319660187
1746738764464936200,22.514936279296876,0.08248522013832395,-0.0054723299108445644,0.0409036201574468,0.004661473911255598,0.006798817622303699,0.9984774885013602,0.016596881240788047,right,-0.0016260743141174316,-0.07215216930245415,0.8058839825727045,-9.747879246601462,-0.0363782737630691,0.0013874256983399391,-0.0031485632061958313,0.7069565022874623,-0.007085487246513367
1746738764504936200,22.554936279296875,0.082680994409114,-0.003210820024833083,0.041004259358972124,0.006697005592286587,0.006703265453510286,0.9984725613122121,0.01641599028266191,right,-0.002478957176208496,-0.07223313972012407,0.8077876242369413,-9.747664142546057,-0.0364156560411561,-0.0029982291162014008,-0.004592187702655792,0.7077485294479876,-0.008525840938091278
1746738764544936200,22.594936279296874,0.08286325232033429,0.0028934485744684935,0.04109470165606591,0.005600322503596544,0.006703232608514496,0.9984674531184791,0.016425746716628557,right,-0.002459883689880371,-0.0723091789030563,0.8095597484759985,-9.747463067016005,-0.03645442673046483,-0.0011040136450901628,-0.004563957452774048,0.7084922604873776,-0.007396019995212555
1746738764584936400,22.6349365234375,0.08283519456384174,0.007173704914748669,0.04107493973219366,0.00018881075084209442,0.0068379671634347106,0.9984644315303827,0.016700873341143535,right,-0.0036094188690185547,-0.07245934032661813,0.80927742440328,-9.74737948038578,-0.03653494637469722,-0.0034115128219127655,-0.004781961441040039,0.7099609448004514,-0.009467244148254395
1746738764624936400,22.6749365234375,0.08267229483600005,0.0049337600357830524,0.04099231794363204,0.008024598471820354,0.0068927240935578666,0.9984693022949457,0.016800228446839306,right,0.00013595819473266602,-0.07235454476772069,0.8076957081697881,-9.74758523209095,-0.03648410976971913,0.005776049569249153,-0.0030259713530540466,0.708935985666886,-0.008281312882900238
1746738764664936200,22.714936279296875,0.08286179955808033,-0.002589331939816475,0.04108768332172338,0.006741615943610668,0.006891872290112462,0.9984681407337149,0.01679918599369259,right,-0.003382265567779541,-0.07220460503103601,0.8095517113000154,-9.747537885817884,-0.036409886657904615,0.0004859045147895813,-0.002589300274848938,0.7074694202456623,-0.0030433014035224915
1746738764704936200,22.754936279296874,0.08296299518338072,-0.01312232669442892,0.0411441986044375,0.005169326905161142,0.006700619134372552,0.9984643459351531,0.016426592276220682,right,-0.0024374723434448242,-0.07236752392833676,0.8105285935081541,-9.74734090194106,-0.036483905749297434,-0.005155701190233231,-0.0017681941390037537,0.7090628999821841,-0.0039107054471969604
1746738764744936200,22.794936279296873,0.08279835808257709,-0.010688736103475094,0.04107165162839645,-0.0037904283963143826,0.006405945926942397,0.9984656114046317,0.0158397147207367,right,-0.0035609006881713867,-0.07259261524359174,0.8089105638522655,-9.747315182977914,-0.036583674003653956,0.0004968415014445782,-0.003369048237800598,0.7112645016796887,-0.008920833468437195
1746738764784936200,22.834936279296876,0.08251914634102332,0.006440415047109127,0.04093471584750281,-0.006096410099416971,0.006347100396849327,0.9984721300846555,0.015710744340203347,right,-0.0032685399055480957,-0.07257170663269476,0.8061901989776641,-9.747555421474575,-0.03656970136975501,0.001123023801483214,-0.004474319517612457,0.7110599920835345,-0.008202038705348969
1746738764824936200,22.874936279296875,0.08223844815435678,0.01311244536191225,0.04078598063319369,-0.009604102000594139,0.006591571060834869,0.9984768549626305,0.016188905735015444,right,-0.0019064545631408691,-0.07254165962217608,0.8034558055777102,-9.747802674233913,-0.03656356219275926,0.0038578049279749393,-0.004523053765296936,0.7107661237034947,-0.007227383553981781
1746738764864936400,22.9149365234375,0.08199495781437094,0.0018011108040809631,0.04065707899793099,-0.008018982596695423,0.006839243922705195,0.9984851728684958,0.016664650329047247,right,-0.003706634044647217,-0.07226484928087056,0.801098355731368,-9.748193719378113,-0.03643423959722819,0.004677205346524715,-0.0035391896963119507,0.7080586913757025,-0.0032496899366378784
1746738764904936200,22.954936279296874,0.08162511087500555,-0.009301983751356602,0.04047627027734113,-0.00874511618167162,0.00676643370773422,0.9984962554467692,0.016498456202752157,right,-0.0016344785690307617,-0.07209809566130691,0.7975025962617248,-9.748606976354122,-0.036346360282483704,0.0028106672689318657,-0.0034425929188728333,0.7064276561077684,-0.005465395748615265
1746738764944936200,22.994936279296876,0.08144062076503711,-0.004473026841878891,0.04039150143802839,-0.001604633405804634,0.006584889260920584,0.9985032183799237,0.016123569793140658,right,-0.0019955039024353027,-0.07198753004910434,0.7957103790827095,-9.748831432759761,-0.03628296647839195,0.0029361643828451633,-0.004187971353530884,0.7053461444813758,-0.009063296020030975
1746738764984936200,23.034936279296875,0.08140549309430538,0.007830827496945858,0.04037526117418141,-0.0020704143680632114,0.0065898141528525685,0.9985086433915861,0.016121317784271987,right,-0.0033650994300842285,-0.0717232296405395,0.795383046824485,-9.749044783249497,-0.036150855329514626,0.007236639969050884,-0.0059502869844436646,0.7027609502937644,-0.011625483632087708
1746738765024936200,23.074936279296875,0.08136540423412476,0.008963588625192642,0.040351811181383694,-0.00028051133267581463,0.006748074081478358,0.9985156219887121,0.016420163673520744,right,-0.0032035112380981445,-0.07131602225830634,0.7950154556211083,-9.749361009591818,-0.03595345838984204,0.00528246583417058,-0.004903830587863922,0.6987777989417314,-0.008982595056295395
1746738765064936200,23.114936279296874,0.08127240223707412,0.0009389175102114677,0.040302920736901324,-0.0024947538040578365,0.006848498414511137,0.9985202612170709,0.016609953943258524,right,-0.002204298973083496,-0.07112049400661635,0.7941198219556361,-9.749570852950216,-0.03585935352183586,-0.0009525502100586891,-0.003813326358795166,0.6968651702534407,-0.009497422724962234
1746738765104936400,23.1549365234375,0.08123265269824917,-0.0006692396709695458,0.04028226186923857,0.0015255920588970184,0.006847230270606968,0.9985182733008052,0.01661244860126652,right,-0.002314329147338867,-0.07127836294001079,0.79372329691872,-9.749493111538886,-0.03593808337498835,-0.009437693282961845,-0.003919646143913269,0.6984094770859927,-0.008542351424694061
1746738765144936400,23.1949365234375,0.08123756230615047,0.0023673116229474545,0.04028094962543378,-0.0013790305238217115,0.006862289736870286,0.9985078782922333,0.016666216688417883,right,-0.0035170316696166992,-0.07185062295830187,0.7937386406183242,-9.749089206913114,-0.03622488012552468,-0.01460328046232462,-0.004189677536487579,0.7040070048321038,-0.0106915682554245
1746738765184936200,23.234936279296875,0.08116863003272944,0.006294287275522947,0.04023920863832722,-0.006261445581912994,0.006980985344269439,0.9984987716611912,0.01692347413806791,right,-0.002865135669708252,-0.07238868068884186,0.7930357530459761,-9.748764797264338,-0.03649843998934741,-0.014833051711320877,-0.006420820951461792,0.7092698937963694,-0.008170031011104584
1746738765224936200,23.274936279296874,0.08085659287931628,-0.0007909168489277363,0.040077406066570107,-0.00724061019718647,0.0070905154816211175,0.9984973053666847,0.017147191851062917,right,-0.0004448890686035156,-0.07277471860131755,0.7899715431697666,-9.748737909257411,-0.036694559112694425,-0.003516014665365219,-0.005092941224575043,0.7130456129427999,-0.007538817822933197
1746738765264936200,23.314936279296877,0.08080032030729818,-0.0037723234854638577,0.04004736415132196,-0.0027461927384138107,0.007116730841902273,0.9984950515531605,0.01720483870916632,right,-0.002720177173614502,-0.07295159778652961,0.7894128133084625,-9.748656660714746,-0.03678381792038413,-0.009359563700854778,-0.005590952932834625,0.7147756516057997,-0.0036840438842773438
1746738765304936200,23.354936279296876,0.08075659367644525,-0.005800733342766762,0.04002597001625725,-0.0003029035869985819,0.007037700884969246,0.9984886184523544,0.017062656292937118,right,-0.0008474588394165039,-0.07338699471411125,0.7889613432139158,-9.748380181860924,-0.03699817899967599,-0.011920047923922539,-0.004396155476570129,0.7190339666374027,-0.005222834646701813
1746738765344936400,23.3949365234375,0.08082818658347214,-0.007404836360365152,0.040064752789707066,0.00029002135852351785,0.006878033851984541,0.9984791329513422,0.016765762946337224,right,-0.003086984157562256,-0.07388453044277483,0.7896302554514258,-9.747965755841136,-0.03724086869478588,-0.01142867375165224,-0.00541764497756958,0.723899892173335,-0.0070890262722969055
1746738765384936400,23.4349365234375,0.080772135838791,-0.0019276877865195274,0.04003753338225305,-0.0005439466913230717,0.0067935700443701435,0.9984729225700423,0.016611957580172115,right,-0.003486037254333496,-0.07431360279686365,0.7890587391737848,-9.747699798381328,-0.0374518006166219,-0.008005712181329727,-0.005631990730762482,0.7280961017541587,-0.008165717124938965
1746738765424936200,23.474936279296877,0.080697480747867,0.010651698336005211,0.0399940798568995,-0.0049494970589876175,0.00689934982888157,0.9984663337313067,0.016837178367066236,right,-0.0036469101905822754,-0.07471027469339751,0.7883077016107738,-9.747470081278681,-0.03765407858616736,-0.008688358590006828,-0.005158819258213043,0.7319753543402999,-0.008326515555381775
1746738765464936200,23.514936279296876,0.08048123436518619,0.011850607581436634,0.03987863956269274,-0.003338830778375268,0.0070877031014949955,0.9984676901651544,0.017210017181924452,right,-0.003351151943206787,-0.07480168418536201,0.7861944357838481,-9.747573541653155,-0.037706399588120144,-0.0011697625741362572,-0.004950851202011108,0.7328693075053393,-0.006944701075553894
1746738765504936200,23.554936279296875,0.08010523059719649,-0.002776695415377617,0.0396903115288293,-0.010268162935972214,0.007125978652512051,0.9984767376206822,0.017268574217726994,right,-0.002831101417541504,-0.07470485114459205,0.782534963428229,-9.74793886783421,-0.03765788759364899,0.0034344340674579144,-0.005048714578151703,0.7319223089788108,-0.0060081928968429565
1746738765544936200,23.594936279296874,0.07976711753472024,-0.0044930726289749146,0.03952701029057478,-0.002749296836555004,0.00703917565440274,0.9984905022710595,0.017068093641440126,right,-0.00041866302490234375,-0.07436028725031249,0.7792590104974806,-9.748453831619024,-0.037480703396999514,0.012695638462901115,-0.005126595497131348,0.7285526864152402,-0.00696689635515213
1746738765584936400,23.6349365234375,0.07975903324272685,-0.00345044769346714,0.0395301506061075,0.00026855641044676304,0.006934999198872278,0.9985019927302015,0.016836092354582135,right,-0.0029581189155578613,-0.07378757181373748,0.7792133447248488,-9.748874102857709,-0.0371901690394637,0.012164726853370667,-0.006598725914955139,0.7229516515377908,-0.007213510572910309
1746738765624936400,23.6749365234375,0.07995042305735708,-0.004183406010270119,0.03963198949529007,0.00635840930044651,0.006836469057414868,0.9985077965186882,0.016626194954527846,right,-0.002171456813812256,-0.07329952545251871,0.7811072687126696,-9.74907576290965,-0.036943022152067566,0.008412295021116734,-0.006259337067604065,0.7181785188518464,-0.007756687700748444
1746738765664936200,23.714936279296875,0.08026031858436676,-0.009592992253601551,0.03979318584701383,0.007498540449887514,0.0066926677690142215,0.9985069898054729,0.01633966780596339,right,-0.0031917691230773926,-0.07305333914415614,0.7841425447553396,-9.749009127414226,-0.036815477499602844,0.0007685706950724125,-0.005744658410549164,0.7157707270577549,-0.007388308644294739
1746738765704936200,23.754936279296874,0.08062308540458386,-0.011703984811902046,0.03998076511246178,0.008595479652285576,0.006477364374654877,0.9984970190715071,0.01593090233683883,right,-0.0023006796836853027,-0.07327764735381871,0.7876661888368427,-9.748563721734286,-0.03692050388826534,-0.009070200845599174,-0.006286218762397766,0.7179645107749849,-0.007038898766040802
1746738765744936200,23.794936279296873,0.08102063811749188,-0.006549438927322626,0.0401835529375276,0.011000544764101505,0.006294834631473388,0.9984828143644272,0.015596395424684908,right,-0.0027083158493041992,-0.07367953339477473,0.7915182611551135,-9.747961079666018,-0.03711570413234392,-0.006913089659065008,-0.004882529377937317,0.7218950551569462,-0.009055934846401215
1746738765784936200,23.834936279296876,0.08135574819945203,-0.0007777498103678226,0.040351153124183144,0.0043247416615486145,0.006239761643064469,0.9984711896005578,0.015510083081088345,right,-0.004172921180725098,-0.07396120691231212,0.7947682759270072,-9.74749229311049,-0.03725563547030363,-0.006649177521467209,-0.007092587649822235,0.7246498337578028,-0.009694792330265045
1746738765824936200,23.874936279296875,0.08128066093187236,-0.002067083492875099,0.04031492787474323,0.0034360294230282307,0.006205259741574844,0.9984726184539726,0.01543878110130984,right,9.5367431640625e-7,-0.07397608607042618,0.7940355046730488,-9.747541392949223,-0.03726139328928079,0.005976925604045391,-0.00409109890460968,0.7247953066430985,-0.009390614926815033
1746738765864936400,23.9149365234375,0.08150587620583387,-0.004424703307449818,0.040429068630271764,0.004841506015509367,0.006170324799131513,0.9984703015531287,0.01537289796935131,right,-0.0028653740882873535,-0.07387107931242444,0.796236960240081,-9.747437932574748,-0.03720833435512513,-0.0020519988611340523,-0.005449265241622925,0.7237683747481555,-0.006848685443401337
1746738765904936200,23.954936279296874,0.0816825207655969,-0.004515856970101595,0.04051978542081618,0.006694694049656391,0.006084264496862062,0.9984653383753471,0.0152113817194911,right,-0.0013271570205688477,-0.07397524064598093,0.7979526781167835,-9.747222243997454,-0.03725760567925953,-0.00432294886559248,-0.005623720586299896,0.7247870502714068,-0.006544321775436401
1746738765944936200,23.994936279296876,0.08190383968734018,-0.0035269209183752537,0.04063282925667691,0.0040921494364738464,0.005988448211877977,0.9984582742392056,0.015034513087612266,right,-0.0037248730659484863,-0.07414010697231567,0.8001000654090196,-9.746925891399384,-0.03733699297977497,-0.0063568358309566975,-0.0060562193393707275,0.726399380838871,-0.007221728563308716
1746738765984936200,24.034936279296875,0.08204320389061943,0.0026965849101543427,0.040701545552161704,0.006352762691676617,0.005957376434063015,0.9984488775784549,0.014992541159804133,right,-0.00242537260055542,-0.07450446154187589,0.8014367208402603,-9.746550043824314,-0.03751844647373537,-0.01112685352563858,-0.002573639154434204,0.7299626262784004,-0.008094504475593567
1746738766024936200,24.074936279296875,0.08233745133576989,0.0002328853588551283,0.04084267884465557,0.00016431370750069618,0.006032045449700694,0.998432778444643,0.015174540023883291,right,-0.0037914514541625977,-0.07501973344607975,0.8042735517013817,-9.745937464883923,-0.037780267559727986,-0.011210252530872822,-0.004322938621044159,0.735001643358916,-0.006110824644565582
1746738766064936200,24.114936279296874,0.08262048686773821,-0.004522820934653282,0.04098292669654721,0.005839094985276461,0.006021515425400271,0.9984226795844758,0.01517383034643859,right,-0.004367232322692871,-0.07525216322105363,0.807017808908224,-9.745539405477047,-0.037897134865895306,-0.005538700148463249,-0.004219427704811096,0.7372745567269623,-0.004082918167114258
1746738766104936400,24.1549365234375,0.08272790935787985,-0.009343892335891724,0.04104091672546435,-0.0004664948210120201,0.00588999535558798,0.9984193050828214,0.01491878748484716,right,-0.0032115578651428223,-0.07535621831159792,0.8080583309371024,-9.745375739347935,-0.0379441686776631,-0.005035788752138615,-0.004773862659931183,0.7382920632064343,-0.004928141832351685
1746738766144936400,24.1949365234375,0.08284890227808442,-0.002077734563499689,0.04110760693102782,0.006027779541909695,0.005722291243875135,0.9984178329280671,0.014587405807518019,right,-0.001320958137512207,-0.07535525398077933,0.8092375307843088,-9.745278708714245,-0.037937231655046685,0.0033752433955669403,-0.004875078797340393,0.738282637790963,-0.008427433669567108
1746738766184936200,24.234936279296875,0.08310646853769885,0.002566344104707241,0.04123840783578826,0.005326630547642708,0.005709724946036791,0.998419546918016,0.014556502408116255,right,-0.0019729137420654297,-0.07498445937856509,0.8117702641323208,-9.745341837078332,-0.03775223076029841,0.011975006200373173,-0.0048762038350105286,0.7346567023787647,-0.008382074534893036
1746738766224936200,24.274936279296874,0.08335305183558331,0.0016450539696961641,0.04136184048304751,0.006300497800111771,0.00577097331089897,0.9984241565225374,0.014665820892062111,right,-0.0031304359436035156,-0.07444373087289533,0.8142061860423535,-9.745535898345707,-0.03748526416404651,0.011941498145461082,-0.00466638058423996,0.7293687520384788,-0.007374383509159088
1746738766264936200,24.314936279296877,0.0836066565860704,-0.002212588209658861,0.041490808075173476,0.0071604386903345585,0.005752578822634543,0.9984254449585604,0.014623567651167475,right,-0.003134012222290039,-0.07408916050797097,0.816699244967103,-9.745586167228222,-0.037308121514621644,0.0049721794202923775,-0.0033001378178596497,0.7259011489931494,-0.006871454417705536
1746738766304936200,24.354936279296876,0.08396428728543043,-0.010663637891411781,0.041673066223054896,0.008385330438613892,0.005626527386599082,0.9984161164683699,0.014390440396168628,right,-0.0031570792198181152,-0.07423135028625115,0.8201758350364864,-9.745191030430794,-0.03737527088120168,-0.0075197117403149605,-0.004251986742019653,0.7272917265687138,-0.006391383707523346
1746738766344936400,24.3949365234375,0.08421815692356469,-0.012050855904817581,0.0418060866090374,0.007854338735342026,0.005398472897113022,0.998404427427457,0.013960474911454714,right,-0.0031241774559020996,-0.07464098247461257,0.8226246894933282,-9.744684249952435,-0.037571484149928266,-0.010402459651231766,-0.00425855815410614,0.7312977473396808,-0.006998181343078613
1746738766384936400,24.4349365234375,0.08429037110097261,-0.010622305795550346,0.04184764114678046,0.0031050732359290123,0.005180779311505353,0.9983941648239485,0.01354961088601504,right,-0.0047841668128967285,-0.0751713920493435,0.8232956475574523,-9.744237090706825,-0.03782785689997587,-0.013433286920189857,-0.0044593289494514465,0.7364847215235233,-0.008348509669303894
1746738766424936200,24.474936279296877,0.0841444295553975,-0.010387771762907505,0.041785097813776755,0.008355751633644104,0.004874842751970353,0.9983934009256755,0.01294336802707638,right,-0.001978635787963867,-0.07545815037983925,0.8218557509474456,-9.744146489813923,-0.03795795991879175,-0.0030061258003115654,-0.0034357458353042603,0.7392888191588223,-0.008184529840946198
1746738766464936200,24.514936279296876,0.08424509313386414,-0.013463681563735008,0.041844141395437934,0.0040222033858299255,0.004611275927251213,0.9983879190213146,0.012429611906351426,right,-0.0027754902839660645,-0.07570352330039336,0.8228213080439716,-9.743882870441675,-0.03806994383435948,-0.004366596695035696,-0.004097245633602142,0.7416882815159856,-0.005847282707691193
1746738766504936200,24.554936279296875,0.08436065760750797,-0.016464702785015106,0.041911978053529295,0.004878727253526449,0.004318983421197941,0.9983830236255401,0.011856966041953104,right,-0.0017181634902954102,-0.07590332229260195,0.8239348953090607,-9.743639709335564,-0.03815794737205325,-0.003339656163007021,-0.0038244426250457764,0.7436419728670269,-0.006087295711040497
1746738766544936200,24.594936279296874,0.08438721414960233,-0.01136614941060543,0.041936048806734995,0.0016516430769115686,0.004014051963026739,0.9983802227712709,0.011254996070043956,right,-0.0029760003089904785,-0.07608869158203052,0.8241820019379258,-9.74348013485968,-0.03823791724920324,-0.005277106538414955,-0.005036666989326477,0.745454575246945,-0.007797457277774811
1746738766584936400,24.6349365234375,0.08451704179010244,0.006605058908462524,0.04200227447694359,0.007373356260359287,0.003939474907331687,0.998372006137425,0.011123559782035998,right,-0.002635776996612549,-0.07639431886431469,0.8254276911500841,-9.74314578833878,-0.03838797888349739,-0.011475714854896069,-0.005288153886795044,0.7484430895384401,-0.007357865571975708
1746738766624936400,24.6749365234375,0.08479266267187358,0.010341118089854717,0.042130276908785166,0.0008737142197787762,0.004133775838113039,0.9983573218788204,0.011541432541831225,right,-0.0021074414253234863,-0.0768172997404582,0.8280861697696149,-9.742601598459482,-0.03860846516426698,-0.0073291161097586155,-0.005001828074455261,0.7525789472341538,-0.0065288543701171875
1746738766664936200,24.714936279296875,0.08510403336835985,0.00909169390797615,0.04227490488148124,0.000005616573616862297,0.004413098533424199,0.9983504972561028,0.012110883314029082,right,-0.005970120429992676,-0.07676685954467292,0.8311229071170091,-9.74238064918518,-0.03859596846646206,0.00017080921679735184,-0.004431881010532379,0.7520857568897307,-0.002909719944000244
1746738766704936200,24.754936279296874,0.08497410827558746,0.0038388981483876705,0.04220543831790865,-0.007972415536642075,0.004569175376382713,0.9983578105100454,0.012406583494470467,right,-0.003794848918914795,-0.07648743418239397,0.8298749528825282,-9.74269804457128,-0.038462444957715315,0.007635531481355429,-0.002828069031238556,0.7493535554468631,-0.004535846412181854
1746738766744936200,24.794936279296873,0.08462294189106452,0.012163115665316582,0.0420279438447521,-0.008032495155930519,0.004716717341580424,0.9983773819540944,0.012659905023626608,right,-0.0028898119926452637,-0.07581297260261306,0.8264961240991949,-9.743490071731806,-0.03813028963299895,0.020020660012960434,-0.004669807851314545,0.7427585410960018,-0.007175855338573456
1746738766784936200,24.834936279296876,0.08425542850757133,0.017868924885988235,0.04183851842310758,-0.007718425244092941,0.005013517986579785,0.9984032564679098,0.01319622149926259,right,-0.002664327621459961,-0.07477032427669579,0.8229799326717853,-9.744559746789932,-0.03762016553833509,0.027225933969020844,-0.004385866224765778,0.7325625796437263,-0.005838625133037567
1746738766824936200,24.874936279296875,0.08404154301450602,0.01471326220780611,0.0417259686388898,-0.005787408910691738,0.005342261907264298,0.9984298812198164,0.013792215543845377,right,-0.002528369426727295,-0.07348232879367934,0.8209742188725621,-9.745667415770887,-0.03698909672996852,0.030357060953974724,-0.004486806690692902,0.719966352116689,-0.006376974284648895
1746738766864936400,24.9149365234375,0.08383734092512289,0.0038581695407629013,0.04162499395640115,-0.0025945587549358606,0.0054949342672861844,0.998456661517455,0.014036268442467373,right,-0.0015914440155029297,-0.07219780006751718,0.8190608595319092,-9.746748196744917,-0.03635237778170304,0.02757509984076023,-0.0030582845211029053,0.7074028578154742,-0.006826415657997131
1746738766904936200,24.954936279296874,0.08375448929835293,-0.0012154700234532356,0.041588511002230176,0.00018783239647746086,0.005478537366277516,0.9984735473062837,0.01396480844296488,right,-0.0030027031898498535,-0.07135327138815242,0.8183030269019306,-9.747408121958374,-0.03592905827315795,0.011068906635046005,-0.003427863121032715,0.6991421752747148,-0.00654081255197525
1746738766944936200,24.994936279296876,0.08359974762037144,-0.000286832801066339,0.04151685445268439,-0.0030896386597305536,0.005375150148540983,0.998483715771479,0.013736992732627422,right,-0.003271639347076416,-0.0709929623652154,0.8168156378883868,-9.747785138577223,-0.035744029081174696,0.005537839140743017,-0.004601411521434784,0.6956177274756133,-0.011628177016973495
1746738766984936200,25.034936279296875,0.08324057557786606,0.012249144725501537,0.04133461672178019,-0.00569097138941288,0.005484525314477008,0.9984933036181055,0.013936785584767407,right,-0.001641988754272461,-0.07083945586256236,0.813323338793218,-9.748183782505988,-0.03567055676593087,-0.0010586590506136417,-0.0050474777817726135,0.6941160907410084,-0.013438764959573746
1746738767024936200,25.074936279296875,0.08278788631867477,0.011363904923200607,0.041100841725885726,0.0008057402446866035,0.005716222292722278,0.9985020998023536,0.014382912585254896,right,0.0014798641204833984,-0.07079649458304431,0.8089128288745879,-9.748580672869085,-0.03565703674788433,0.0011064531281590462,-0.0033400356769561768,0.6936958195023238,-0.0121963731944561
1746738767064936200,25.114936279296874,0.08274179247484957,0.0067648934200406075,0.04107028810433364,0.001308823935687542,0.005917634590636639,0.9985006040351251,0.014787732318787774,right,-0.0010362863540649414,-0.0708694015376021,0.8084593129534274,-9.748567813387513,-0.0357016164012395,-0.004015794489532709,-0.00388973206281662,0.6944090092729777,-0.007706917822360992
1746738767104936400,25.1549365234375,0.08262395025407786,-0.0026379618793725967,0.04100810198581437,-0.0011833540629595518,0.005968629268848657,0.9984973100629709,0.014898500844297112,right,-0.001086592674255371,-0.07117804513647051,0.8072927533920854,-9.748449155443906,-0.03585762436755103,-0.008894647471606731,-0.002626374363899231,0.697428137898445,-0.006282530725002289
1746738767144936400,25.1949365234375,0.08237029556740481,-0.0014997493708506227,0.040881324535348824,-0.00792708434164524,0.005926501176282471,0.9984965580163673,0.014819555224352911,right,-0.003137528896331787,-0.07152878035903307,0.8047998405978083,-9.748408823433518,-0.03603035345686103,-0.00938404630869627,-0.005536668002605438,0.7008589160647243,-0.008791998028755188
1746738767184936200,25.234936279296875,0.08200224603059252,0.013544975779950619,0.040691557685318236,-0.007406546734273434,0.006061487368583292,0.9984985988757147,0.015087558856784273,right,-0.0022208094596862793,-0.07179291473882651,0.8011967015393078,-9.748519882592559,-0.036166580834684,-0.006627501454204321,-0.006421051919460297,0.7034425758823752,-0.008598417043685913
1746738767224936200,25.274936279296874,0.08182406168603741,0.017325270920991898,0.04058575604811512,-0.006129741668701172,0.006482560326719646,0.9984939840968927,0.01593738915945946,right,-0.002870917320251465,-0.07210523161689747,0.7994416745655238,-9.74844272570312,-0.03633921038983078,-0.011486750096082687,-0.007804520428180695,0.7064974334083497,-0.006196416914463043
1746738767264936200,25.314936279296877,0.08172394960214698,0.007186688482761383,0.040523817109262276,0.0005509485490620136,0.006793131208318315,0.9984916477636653,0.01656110036529305,right,-0.001461625099182129,-0.07223336024605116,0.7984582895513623,-9.748432788830995,-0.036415491894824015,-0.00014464370906352997,-0.006438687443733215,0.7077506483398377,-0.003426194190979004
1746738767304936200,25.354936279296876,0.08173843566933267,-0.012170974165201187,0.040533355634808796,0.0013352845562621951,0.0067367737785572765,0.9984925920582647,0.016446818807299507,right,-0.002587616443634033,-0.07218662744455279,0.7986022280666977,-9.748453831619024,-0.03638989385419649,-0.0021647587418556213,-0.005216419696807861,0.7072935522221029,-0.0040671080350875854
1746738767344936400,25.3949365234375,0.08179140508351267,-0.011790459975600243,0.040569106891925985,0.00648069754242897,0.0064611211820025305,0.9984909767357023,0.015901929180346594,right,-0.0018802881240844727,-0.07231568149435733,0.799111127436906,-9.748320560628175,-0.036443449996733254,-0.003596316557377577,-0.005804598331451416,0.708555827242881,-0.00946887582540512
1746738767384936400,25.4349365234375,0.08203523359738733,-0.0011551398783922195,0.040697546468100296,0.007746797986328602,0.006276374580268428,0.9984876483384746,0.015539770290565568,right,-0.0038582682609558105,-0.0722913495893673,0.8014894739408046,-9.74814286597371,-0.036424719933052636,0.0017230934463441372,-0.005981765687465668,0.7083178537685424,-0.010147441178560257
1746738767424936200,25.474936279296877,0.08233085949572398,0.0027904980815947056,0.040845185816909026,0.007804592605680227,0.006271882214973084,0.9984818893194942,0.015540918355332422,right,-0.003858804702758789,-0.07227596185887462,0.8043721167050302,-9.747916071480512,-0.03641798885949731,-0.0014967010356485844,-0.003952927887439728,0.7081673393819481,-0.007522620260715485
1746738767464936200,25.514936279296876,0.08258175850781997,-0.0025625834241509438,0.04097050058388635,0.004890846088528633,0.006256728213501421,0.9984757410377952,0.01552226177088326,right,-0.004654824733734131,-0.07233717765408097,0.8068142491601407,-9.747670572286843,-0.036448952977052626,-0.00419709924608469,-0.00452597439289093,0.7087661089926958,-0.008133895695209503
1746738767504936200,25.554936279296875,0.08265700689271403,-0.005438426975160837,0.041010738100962736,0.004059040918946266,0.006158074318409538,0.9984717059394873,0.015334302137984219,right,-0.0028432607650756836,-0.07250300687910899,0.8075380333900452,-9.747492877632379,-0.036528124212795554,-0.0066710663959383965,-0.005278982222080231,0.7103880841713398,-0.007061749696731567
1746738767544936200,25.594936279296874,0.08288306501229552,-0.003036587731912732,0.041124331342829876,0.003513694740831852,0.006070165933549461,0.9984595783585575,0.015184810669610775,right,-0.003380715847015381,-0.07294202936337328,0.8097155966248363,-9.746998372113705,-0.03674491655071004,-0.01280321553349495,-0.006706081330776215,0.7146820550382137,-0.00866871327161789
1746738767584936400,25.6349365234375,0.08304091174128168,0.0013739753048866987,0.04120109363492163,0.0033132771495729685,0.006067664167104363,0.9984495059499586,0.015201488805860253,right,-0.0027318596839904785,-0.07332172931845742,0.8112315541457384,-9.746599143663047,-0.03693528723146383,-0.006940348539501429,-0.006116248667240143,0.718395668733865,-0.008720941841602325
1746738767624936400,25.6749365234375,0.08315478204162037,-0.0030355320777744055,0.04125443348871933,0.0013124537654221058,0.006089610757789202,0.9984379754326532,0.015270171354051948,right,-0.004291653633117676,-0.07381141951116506,0.8123121159240603,-9.746154907026886,-0.03718150959914588,-0.01478663831949234,-0.007720164954662323,0.7231848757717758,-0.0077415406703948975
1746738767664936200,25.714936279296875,0.08337043054416808,-0.0053276177495718,0.04136416393142998,0.014504780992865562,0.005990569186301663,0.9984290281167785,0.01509136603080255,right,-0.0035758614540100098,-0.07408668186329832,0.8143971785698085,-9.745780813017486,-0.037315879841270695,-0.0077477931044995785,-0.006458215415477753,0.7258768913347273,-0.0069595277309417725
1746738767704936200,25.754936279296874,0.08386017228381287,-0.010211274959146976,0.04161275090294895,0.012702061794698238,0.005835075820919488,0.9984148945737885,0.014809177657017758,right,-0.003847956657409668,-0.07434684397324563,0.8191541638385504,-9.745192199474573,-0.03744134776499529,-0.008970789611339569,-0.0042718201875686646,0.7284212420552969,-0.004501312971115112
1746738767744936200,25.794936279296873,0.08433778269792494,-0.01110825128853321,0.041857362314778795,0.011284901760518551,0.005606612166198431,0.9983988458507775,0.014386227136797826,right,-0.003347635269165039,-0.07474238095728931,0.8237841617267578,-9.744511815994978,-0.03763133654765745,-0.009073675610125065,-0.0033499225974082947,0.7322893156602979,-0.006847836077213287
1746738767784936200,25.834936279296876,0.08449509219181532,-0.0013144053518772125,0.041940101872455594,0.00042218342423439026,0.0054466515510232716,0.9983902133499523,0.0140859239492562,right,-0.003038763999938965,-0.07507627524454415,0.8252963929206132,-9.744138306507468,-0.03779215436431567,-0.005678888410329819,-0.004549562931060791,0.7355545280013233,-0.010304771363735199
1746738767824936200,25.874936279296875,0.08450157579480798,0.01588430628180504,0.04193631951457707,0.003461910877376795,0.005602858179249047,0.9983852598574374,0.014408098534563608,right,-0.0022626519203186035,-0.07528809015789412,0.8253463695421814,-9.743977562987803,-0.03790466165125739,-0.007321617566049099,-0.004164382815361023,0.7376258543826639,-0.007361836731433868
1746738767864936400,25.9149365234375,0.08457643263304683,0.01541344914585352,0.04195909572289484,0.0020572009962052107,0.005948620508508556,0.9983767834797438,0.015114732940369458,right,-0.0005983710289001465,-0.07554977940935942,0.8260594131823629,-9.743722711443901,-0.038050327557897334,-0.004229504615068436,-0.0040592774748802185,0.7401848912157117,-0.007649578154087067
1746738767904936200,25.954936279296874,0.08471561309724575,0.0021733148023486137,0.04202001899480584,0.0015850096242502332,0.006164073589507264,0.9983717430949942,0.015553505601597111,right,-0.0014966130256652832,-0.07559335592032297,0.8274128736179321,-9.74357599644959,-0.038081712268588405,0.000704729463905096,-0.004483349621295929,0.7406110076732934,-0.003745734691619873
1746738767944936200,25.994936279296876,0.08475370919916377,-0.011546153575181961,0.042043937470038976,0.003147648647427559,0.006036278421766631,0.9983719132260325,0.01529851923225476,right,-0.0007708072662353516,-0.07558323132710129,0.827784702605009,-9.743551446530223,-0.03807141560749812,-0.0010999003425240517,-0.004352174699306488,0.7405120042782276,-0.005939304828643799
1746738767984936200,26.034936279296875,0.08497656328001991,-0.009794240817427635,0.042164992208887454,0.007169698365032673,0.005777571270543972,0.9983690688642546,0.01478790638091789,right,-0.003041505813598633,-0.0755633480085466,0.8299572974037378,-9.743381350660323,-0.0380514003051125,0.0008693218696862459,-0.005625642836093903,0.7403175776846707,-0.00842776894569397
1746738768024936200,26.074936279296875,0.08526943195404599,-0.001100015826523304,0.042315870161982974,0.005488994065672159,0.005675313082610835,0.9983669443395102,0.014586091455245859,right,-0.003857910633087158,-0.07537410026455724,0.8328226967722177,-9.743277305763959,-0.037953511318760055,0.008545228280127048,-0.004615113139152527,0.7384669813819229,-0.009640440344810486
1746738768064936200,26.114936279296874,0.0854474541296783,0.00038302503526210785,0.04240676410849945,0.0038656783290207386,0.005669548235157328,0.9983700982636672,0.014565445448098869,right,-0.0029879212379455566,-0.0750053444548847,0.8345803540945053,-9.743400055360793,-0.037769506129391874,0.005044857040047646,-0.0034454911947250366,0.7348609197139739,-0.007281772792339325
1746738768104936400,26.1549365234375,0.08555850769838269,-0.003389779245480895,0.04246382501188531,0.0014230427332222462,0.005626753172748103,0.9983682677983077,0.01448321867962792,right,-0.003932476043701172,-0.07498914052978899,0.8356634731560945,-9.743318806818127,-0.03775998681155822,-0.006302446126937866,-0.003957189619541168,0.7347024412166326,-0.007376976311206818
1746738768144936400,26.1949365234375,0.08554534080354649,-0.0012927015777677298,0.042458449153096586,0.0011129709891974926,0.005553569163649087,0.9983632917302894,0.014349200468332376,right,-0.0010968446731567383,-0.07529300569973008,0.8355160275094211,-9.74310720989406,-0.03790878458494297,-0.005285344552248716,-0.004963509738445282,0.7376739313080907,-0.00999905914068222
1746738768184936200,26.234936279296875,0.0856185690343738,0.003858542302623391,0.04249191004636003,0.0009248136193491518,0.005614764842332865,0.998358839205506,0.014480466126600535,right,-0.0023970603942871094,-0.07542970469336142,0.8362208878431469,-9.742945297330618,-0.037980011917708674,-0.0034490549005568027,-0.005439013242721558,0.7390106598045677,-0.007788531482219696
1746738768224936200,26.274936279296874,0.08575403752616079,0.005608380306512117,0.042554124179459814,0.003538211341947317,0.005735512229785233,0.9983527745183831,0.01473333023359595,right,-0.0033628344535827637,-0.07556443369771704,0.8375321896374225,-9.74273253136277,-0.038053022747897305,-0.005319785326719284,-0.004098556935787201,0.7403281721439212,-0.005845837295055389
1746738768264936200,26.314936279296877,0.08570327238402535,-0.002686466556042433,0.042525572794346725,-0.008430616930127144,0.0057809990778228595,0.9983482572877878,0.01483476101922007,right,-0.005369663238525391,-0.07584808708839144,0.8370195639401674,-9.742565358102322,-0.03819662288360429,-0.0017655605915933847,-0.006060831248760223,0.7431018746409565,-0.007269315421581268
1746738768304936200,26.354936279296876,0.08559596687329525,-0.0011724438518285751,0.04247643630168922,0.001002107746899128,0.0056889508477804985,0.998354045480117,0.014639503891378105,right,-0.003149569034576416,-0.07569145254545002,0.8359840834125876,-9.74277110980749,-0.03811397926083593,0.004280563443899155,-0.005638234317302704,0.741570208094269,-0.005691155791282654
1746738768344936400,26.3949365234375,0.08561960322517918,-0.0012849598424509168,0.04249024664380563,-0.00038509664591401815,0.00563947842092217,0.9983542809641553,0.014540162144560066,right,-0.002300858497619629,-0.07566510400557179,0.836216065537557,-9.742770525285602,-0.038098785189077944,-0.0021624621003866196,-0.004563391208648682,0.7413125800713897,-0.005656346678733826
1746738768384936400,26.4349365234375,0.08569051325055009,-0.003982062917202711,0.04252747503072705,0.00018399558030068874,0.005580378372001036,0.9983517188223543,0.014427551251679162,right,-0.002767205238342285,-0.0757364535490096,0.8369023673012852,-9.74265888160467,-0.03813220706650177,0.0003503893967717886,-0.004017665982246399,0.7420102800119668,-0.00753263384103775
1746738768424936200,26.474936279296877,0.08548142425623581,0.002364126965403557,0.04242565772314828,-0.006132724694907665,0.0055347037521328015,0.9983588328426761,0.014322616983431034,right,-0.0042685866355896,-0.0756098523867117,0.8348732726264745,-9.742927177152037,-0.03806620208858305,0.0029556050430983305,-0.003988616168498993,0.7407723357148468,-0.007889978587627411
1746738768464936200,26.514936279296876,0.08527747090799456,0.009805012494325638,0.04231917262532853,-0.00600392883643508,0.005678593831067739,0.9983647969461857,0.014597668424064946,right,-0.0018401145935058594,-0.0754835251930743,0.8328941545732319,-9.743190212002396,-0.03800839704482825,0.00020783673971891403,-0.006574802100658417,0.7395370217662304,-0.006626911461353302
1746738768504936200,26.554936279296875,0.08504344321203126,0.010610492900013924,0.0421932454985719,-0.001522428821772337,0.005943075312682844,0.9983709401219442,0.015112272208910335,right,0.00006288290023803711,-0.07533612177176255,0.8306232139665632,-9.743493578863143,-0.03794501228580084,0.009371505118906498,-0.004412248730659485,0.7380955907862633,-0.008555091917514801
1746738768544936200,26.594936279296874,0.08499680369306187,0.0013384968042373657,0.04216611814731453,-0.001576329697854817,0.006105381582125493,0.9983787777198814,0.015417687020030478,right,-0.0024723410606384277,-0.0749167560150744,0.8301949786171317,-9.743839615821837,-0.03774197689610619,0.007906381972134113,-0.003154367208480835,0.7339945852082222,-0.005871787667274475
1746738768584936400,26.6349365234375,0.08488959220522509,-0.011882568709552288,0.04211975467914291,0.0019069908885285258,0.005962156225438666,0.9983877153497759,0.015113460334173821,right,-0.0011156797409057617,-0.07460662642560435,0.829169581092149,-9.74415525764227,-0.037580431788753914,0.005635220557451248,-0.004429236054420471,0.7309617203183472,-0.006978951394557953
1746738768624936400,26.6749365234375,0.08501690198764124,-0.008200487121939659,0.04219476160410348,0.00823925156146288,0.005702431187396289,0.998392817295788,0.014583488478991118,right,-0.0026144981384277344,-0.07426848766838304,0.8304310523953289,-9.744294958373903,-0.037400838391387366,0.010829737409949303,-0.0059012770652771,0.7276549338579178,-0.011293925344944
1746738768664936200,26.714936279296875,0.0852498854514668,-0.0014392165467143059,0.04231830145007027,0.007634384091943502,0.00558738574128796,0.9983995775090909,0.014336092209639812,right,-0.0023525357246398926,-0.07367052546366092,0.8327381602939218,-9.744532858783007,-0.03709777293551949,0.014133580960333347,-0.005670852959156036,0.7218069384820759,-0.011531148105859756
1746738768704936200,26.754936279296874,0.08550078669138121,0.0011163577437400818,0.04244481028903614,0.004985093604773283,0.005622382706057305,0.998403647357574,0.014392809394000984,right,-0.004108726978302002,-0.07314283480723019,0.8352154371276498,-9.744701785609125,-0.036836262009084735,0.005588413216173649,-0.005159534513950348,0.7166460485875606,-0.009606920182704926
1746738768744936200,26.794936279296873,0.08551301244208218,-0.0013394830748438835,0.042452369362353824,0.0017371631693094969,0.0056078237281486695,0.9984067522790343,0.014356353967526587,right,-0.0015774965286254883,-0.07296297382201684,0.8353455663133412,-9.744819859030843,-0.03674573721190244,0.0020548426546156406,-0.004661880433559418,0.7148868568953126,-0.01099475473165512
1746738768784936200,26.834936279296876,0.08547105255419235,0.0013425874058157206,0.0424317814707827,-0.0008729246910661459,0.005617967150044065,0.9984100509961482,0.014369262935552301,right,-0.0028994083404541016,-0.0728266321051129,0.8349450226884335,-9.744951960977911,-0.03667783316386544,0.0014562178403139114,-0.005003482103347778,0.7135533432692289,-0.01041574776172638
1746738768824936200,26.874936279296875,0.0853106168934225,0.004926400259137154,0.042348445003946154,-0.001400328939780593,0.005714254981915288,0.9984135456055773,0.014554741132255753,right,-0.0012281537055969238,-0.07279147857852829,0.8333836916558444,-9.745110950931906,-0.03666376192894633,-0.0002628618385642767,-0.004751287400722504,0.713209571332857,-0.009441941976547241
1746738768864936400,26.9149365234375,0.08516653793829757,0.00627480074763298,0.04226965205166115,-0.0030161747708916664,0.005880068274135687,0.998412672885854,0.014888701779880097,right,-0.0028464198112487793,-0.07295702610712607,0.8319695870742201,-9.745113289019464,-0.03675304834997516,-0.008394206874072552,-0.006314679980278015,0.7148286969672888,-0.008501097559928894
1746738768904936200,26.954936279296874,0.08489053584988063,0.00042332848533988,0.0421294044252444,0.0018302607350051403,0.005944820152233913,0.9984172197950149,0.015010413101169075,right,0.000021159648895263672,-0.0730076131563008,0.8292767677936702,-9.74530618124306,-0.03678005346533053,0.003730250522494316,-0.00463944673538208,0.7153234947469085,-0.006972521543502808
1746738768944936200,26.994936279296876,0.0849672207215465,-0.004387969151139259,0.04216968964893711,0.0038531827740371227,0.005893389796410499,0.9984164640953566,0.014908908468818267,right,-0.0007648468017578125,-0.07297709214281874,0.830025978725776,-9.745264680188894,-0.036762904919246525,0.0025788519997149706,-0.004731439054012299,0.715024950191751,-0.004903219640254974
1746738768984936200,27.034936279296875,0.0851753408180685,-0.007998442277312279,0.04227899400528395,0.007023288868367672,0.005763685227157033,0.9984155111097851,0.014650385574314305,right,-0.0005090236663818359,-0.07282866311294667,0.8320631836418062,-9.74519746017158,-0.03668395787406878,0.007828152738511562,-0.0038757994771003723,0.7135732170134782,-0.006123654544353485
1746738769024936200,27.074936279296875,0.08530841215751722,-0.0071889185346663,0.04235395226400481,0.000863929744809866,0.005583048812590675,0.9984207009571114,0.014276829545136422,right,-0.0026155710220336914,-0.07244210743015689,0.8333833993948996,-9.745360541778803,-0.03648346401277916,0.010325695388019085,-0.004297420382499695,0.7097924563657492,-0.006532482802867889
1746738769064936200,27.114936279296874,0.08539404279942911,0.003255195450037718,0.04240126138310823,0.005633827764540911,0.005506290674109549,0.9984257888965646,0.01411083015172753,right,-0.0024248361587524414,-0.07208449613463763,0.8342395047675818,-9.745541159042716,-0.0363016626909426,0.004222692921757698,-0.0037421956658363342,0.7062946043126285,-0.00823751837015152
1746738769104936400,27.1549365234375,0.0855812186961447,0.009279115125536919,0.04248802781203725,-0.0019625858403742313,0.005698844137547407,0.9984221872743924,0.014499619906893711,right,-0.004682779312133789,-0.07199787841339589,0.8360688390865921,-9.745445881974696,-0.03626720151645481,-0.001958752516657114,-0.005344480276107788,0.705447412898764,-0.006422355771064758
1746738769144936400,27.1949365234375,0.08574294717847991,0.00838853232562542,0.042560705785086514,0.004352527670562267,0.005918807653017835,0.9984176043892166,0.014945792414314117,right,-0.004213690757751465,-0.07199031793392137,0.8376453676883131,-9.745316118115186,-0.03627338304220735,-0.002880390267819166,-0.006113894283771515,0.7053733978144824,-0.005293175578117371
1746738769184936200,27.234936279296875,0.08579799971260538,-0.0013493988662958145,0.04258479678892087,0.001244574785232544,0.0059840438503068315,0.9984126724240339,0.015086480239742064,right,-0.00314408540725708,-0.0721757151529962,0.8381707067366689,-9.7451395925045,-0.03636909240808055,-0.007768975105136633,-0.004908055067062378,0.7071868039119988,-0.0051329657435417175
1746738769224936200,27.274936279296874,0.08594345105026005,-0.001829104614444077,0.04265821605625782,0.009634158574044704,0.005925648196161137,0.9984057613480353,0.014984766590770218,right,-0.001710355281829834,-0.07240602659569999,0.8395741437938063,-9.744854930344223,-0.036482327523066425,-0.0015045241452753544,-0.005669325590133667,0.7094395512748509,-0.008441530168056488
1746738769264936200,27.314936279296877,0.0862422798190788,0.0008614786202087998,0.042809174887868076,0.008732941932976246,0.005897165455704214,0.9984027043411535,0.014930917092127644,right,-0.003045976161956787,-0.07222839725772952,0.842496972437948,-9.74472867361605,-0.03639338966653789,0.006669214460998774,-0.0055185481905937195,0.7077021330229938,-0.00762978196144104
1746738769304936200,27.354936279296876,0.08659782766495139,-0.0008959443075582385,0.042988135952877676,0.010170133784413338,0.005904998520091355,0.9984017973087806,0.014943166106855947,right,-0.003093242645263672,-0.07185213438893025,0.8459845953579992,-9.74469301778078,-0.036206873215135986,0.00745385093614459,-0.004152409732341766,0.7040218370750546,-0.007207557559013367
1746738769344936400,27.3949365234375,0.08692427622091847,-0.004085259977728128,0.043154925791711096,0.008748930878937244,0.005839903975381458,0.9984008538738297,0.014810634349023537,right,-0.0017209649085998535,-0.07153279976419913,0.8491851449649781,-9.744639826288818,-0.03604556800927668,0.005839470773935318,-0.0036925747990608215,0.7008982251618057,-0.008441761136054993
1746738769384936400,27.4349365234375,0.08725504668930323,-0.003345913253724575,0.043324686545822125,0.005202008876949549,0.005740558425442888,0.9983986075165411,0.014612872132273077,right,-0.00208890438079834,-0.07128929292522,0.8524231770381331,-9.744528182607889,-0.035920693170538184,0.0025528380647301674,-0.004088655114173889,0.6985163715265691,-0.009187974035739899
1746738769424936200,27.474936279296877,0.08748516431206088,0.0013100476935505867,0.04344023578965047,0.003924972377717495,0.005716550343331626,0.9983935797455664,0.01457340128860224,right,-0.0026828646659851074,-0.07129708940121535,0.854665110746026,-9.744326522555946,-0.03592438844352421,-0.0012920794542878866,-0.0044094473123550415,0.6985926516331732,-0.009080808609724045
1746738769464936200,27.514936279296876,0.087641157104369,0.005652080290019512,0.04351430986839267,0.002462487667798996,0.005774131983268842,0.9983842197495699,0.014708052937440836,right,-0.003264307975769043,-0.07160744676286643,0.856166089893505,-9.743976393944024,-0.0360826922754097,-0.01172564271837473,-0.004555530846118927,0.7016284391324967,-0.010519679635763168
1746738769504936200,27.554936279296875,0.08747061590053223,0.00038539012894034386,0.04342673540340709,-0.00038110511377453804,0.005809606889279606,0.998383439967201,0.014783568483989928,right,-0.0003910660743713379,-0.07184853513242946,0.8544895349834114,-9.743953597590327,-0.0362041859299281,0.0017227157950401306,-0.0038762912154197693,0.703986619631201,-0.011035554111003876
1746738769544936200,27.594936279296874,0.08748792152752116,-0.0026054554618895054,0.04343416309287457,0.0012121527688577771,0.005824552781694635,0.9983808021910078,0.01481960231075257,right,-0.002652108669281006,-0.07197265124679288,0.8546504976987839,-9.74385189078152,-0.03626697307859418,-0.0068319421261549,-0.0029523372650146484,0.7052005985308438,-0.006756961345672607
1746738769584936400,27.6349365234375,0.0875043349631567,-0.006390183232724667,0.04344211154207347,0.0029657119885087013,0.005781795949974039,0.9983746402869522,0.0147494732418971,right,-0.0021039843559265137,-0.07231154676994586,0.8547895408432931,-9.743599377325177,-0.03643466496897898,-0.009148354642093182,-0.004148803651332855,0.7085154221672564,-0.006295837461948395
1746738769624936400,27.6749365234375,0.08755458846190615,-0.0032008744310587645,0.04346928920613961,0.000823798356577754,0.005674365446227154,0.9983678732048872,0.014551255302303008,right,-0.003181278705596924,-0.0726555445562466,0.8552578159421682,-9.74331296159923,-0.03660221946426002,-0.005948472768068314,-0.005534224212169647,0.7118800032295286,-0.007101885974407196
1746738769664936200,27.714936279296875,0.08763519922152518,0.0013468049000948668,0.04350977650512715,0.002840060507878661,0.005637561174198442,0.9983626588942605,0.01448933968629314,right,-0.0022115111351013184,-0.07285636879554173,0.8560307000108063,-9.743101364675164,-0.036701347494547336,-0.003245336003601551,-0.004370406270027161,0.7138442159745841,-0.00802610069513321
1746738769704936200,27.754936279296874,0.08786940604145504,0.006553630344569683,0.04362092465047777,0.002738522831350565,0.0057685183291414175,0.9983540941620745,0.014766888127673527,right,-0.004602372646331787,-0.07300542799147915,0.8583032480526716,-9.742794490683078,-0.03678246589907752,-0.004553890787065029,-0.006145864725112915,0.7153020866326988,-0.006592810153961182
1746738769744936200,27.794936279296873,0.08808526252816526,0.003007778199389577,0.04372619649092166,0.006481883116066456,0.005843055169595605,0.9983503231687526,0.014920727345647653,right,-0.0033243298530578613,-0.07292798980333448,0.8604111070521175,-9.742664142301678,-0.03674779782262565,0.004092022776603699,-0.00527413934469223,0.7145446923941373,-0.004801064729690552
1746738769784936200,27.834936279296876,0.08820140377262324,-0.004997138865292072,0.043787931978038465,0.0011477400548756123,0.005772402379902074,0.9983524295661135,0.014773092709994941,right,-0.002765834331512451,-0.07269441320173793,0.8615572814125567,-9.742730193275213,-0.036628311677251384,0.00599872600287199,-0.004810348153114319,0.7122601616535336,-0.006010077893733978
1746738769824936200,27.874936279296875,0.08824715515955764,0.0005781091749668121,0.04381479923405125,0.005995920393615961,0.005692873764046441,0.9983558437009916,0.01460579271313862,right,-0.0020499229431152344,-0.07247695393119363,0.8620167156178504,-9.74284475956559,-0.03651622957114052,0.007912501692771912,-0.004675760865211487,0.7101332326274364,-0.007884226739406586
1746738769864936400,27.9149365234375,0.08841436281821569,0.006371545139700174,0.043899096177450504,0.0031113254372030497,0.005723894933157124,0.9983591006918292,0.014656505565310158,right,-0.002607285976409912,-0.07208262484730711,0.8636704011090099,-9.742978615078329,-0.03632098221520956,0.010739026591181755,-0.0054023489356040955,0.7062763380035758,-0.009917818009853363
1746738769904936200,27.954936279296874,0.08851507091234893,0.005749186500906944,0.04394855191615804,0.0037485240027308464,0.0058263318020579605,0.9983663029206418,0.01484038905323099,right,-0.002002239227294922,-0.07152168779138789,0.8646865193489939,-9.743284904548526,-0.03604530943873531,0.013693505898118019,-0.004321180284023285,0.7007895771555602,-0.009047247469425201
1746738769944936200,27.994936279296876,0.08862238163745917,-0.0007055057212710381,0.0440037619007589,0.004141246434301138,0.00585228586163524,0.9983726288439184,0.01487398998819706,right,-0.0018254518508911133,-0.07102249397183799,0.8657629164088517,-9.74353917157054,-0.03579717812966429,0.005033473484218121,-0.004287831485271454,0.6959065543543547,-0.00792810320854187
1746738769984936200,28.034936279296875,0.08874286487644996,-0.003945213742554188,0.04406810958648207,0.004536287859082222,0.005758760794118713,0.9983736107567796,0.014683065822185483,right,-0.0011630058288574219,-0.07084585911340491,0.8669477422792464,-9.74355670722723,-0.03570515308881599,0.0004045395180583,-0.003592483699321747,0.6941787076484411,-0.01056751236319542
1746738770024936200,28.074936279296875,0.08889777877262162,0.0011066291481256485,0.04414682225461394,0.003680448280647397,0.005719079397192348,0.998370581236405,0.014608597637328429,right,-0.002705872058868408,-0.07083432508836736,0.8684578545812517,-9.743430450499057,-0.03569819885858594,-0.0020803697407245636,-0.004829712212085724,0.6940658949237316,-0.011314667761325836
1746738770064936200,28.114936279296874,0.08900041041051392,0.006626196205615997,0.04419500986410912,0.00033195922151207924,0.005801696199973063,0.9983677392880608,0.014777982993337636,right,-0.005077660083770752,-0.07083905693750064,0.8694575331430882,-9.743338096040487,-0.03570459758572918,-0.0015617543831467628,-0.0050582438707351685,0.6941122182834893,-0.010616526007652283
1746738770104936400,28.1549365234375,0.088791768115396,0.004702573176473379,0.044085438646723145,-0.010876499116420746,0.005933392118810995,0.9983688239592208,0.015041393758975353,right,-0.005947530269622803,-0.07099682658242967,0.8674149213995784,-9.743409992232918,-0.035788552512322436,-0.003821368794888258,-0.00720842182636261,0.6956555022027343,-0.010319847613573074
1746738770144936400,28.1949365234375,0.08855856859063047,-0.00023201154544949532,0.04396858866942331,-0.0008011488243937492,0.005958879185237742,0.9983748821593712,0.015081397123040623,right,-0.0028963088989257812,-0.07093638291147161,0.865146465010941,-9.743653737860917,-0.035758568519278805,-0.002807658165693283,-0.007369577884674072,0.6950642583113164,-0.006859928369522095
1746738770184936200,28.234936279296875,0.08848382021007027,-0.008127519860863686,0.043931919711004803,0.0003788807662203908,0.005894237368463083,0.9983712256406825,0.014963609223359809,right,-0.0022635459899902344,-0.07125933287472191,0.8643982039269059,-9.743494163385034,-0.03591696595226842,-0.013746104203164577,-0.004397064447402954,0.6982233068641275,-0.004766292870044708
1746738770224936200,28.274936279296874,0.08848131668634508,-0.011964822188019753,0.04393547406417067,0.0030872211791574955,0.0056766540959873515,0.9983622187372145,0.01455342631100769,right,-0.002758324146270752,-0.07183835205804169,0.864337925107032,-9.74309201232493,-0.03619697824739375,-0.014633147977292538,-0.0039521679282188416,0.7038870317142456,-0.007230162620544434
1746738770264936200,28.314936279296877,0.08837660726940166,-0.004196874797344208,0.0438873467534242,-0.001929576974362135,0.005478916428359522,0.9983547864617429,0.014180292415021379,right,-0.0024344921112060547,-0.07244064883409913,0.8632801596824079,-9.742758834847807,-0.03648914167982441,-0.012123100459575653,-0.005894467234611511,0.7097781355794519,-0.009514935314655304
1746738770304936200,28.354936279296876,0.08841265661342011,0.010761382058262825,0.043899846918775416,0.0006128535605967045,0.005568813160514449,0.9983459162813669,0.014380375839647273,right,-0.0033672451972961426,-0.07286037032218272,0.8636050077226013,-9.742429749023914,-0.03670314141213465,-0.011570815928280354,-0.005387738347053528,0.7138833789411931,-0.006953433156013489
1746738770344936400,28.3949365234375,0.0884669800425177,0.01102080475538969,0.04391455950221406,-0.0010329699143767357,0.005857616610142354,0.9983371093982055,0.014975463252177168,right,-0.0005536079406738281,-0.07318652495004645,0.8641136148318648,-9.742150347560644,-0.03687916467544837,-0.0034876959398388863,-0.004680640995502472,0.7170733340889215,-0.00708124041557312
1746738770384936400,28.4349365234375,0.08866874173985503,0.0055301617830991745,0.044007208234564096,0.004374454263597727,0.006101133943438758,0.9983347263717297,0.015462068307406597,right,-0.0022698640823364258,-0.07299173522110643,0.866091563841328,-9.742114691725373,-0.03679323384247223,0.004862050525844097,-0.0051316991448402405,0.7151681580547243,-0.005649849772453308
1746738770424936200,28.474936279296877,0.08879743565211017,0.001095716841518879,0.044070588642513134,0.0026685697957873344,0.006185455355589331,0.9983390179310693,0.015616844335845717,right,-0.001448988914489746,-0.07256921663147052,0.8673720321059226,-9.742303492295742,-0.03658613472063341,0.010823117569088936,-0.0049728527665138245,0.7110356613598764,-0.007335349917411804
1746738770464936200,28.514936279296876,0.08904525980530423,0.002751902211457491,0.04419630345221051,0.0075767082162201405,0.0062062070977009325,0.9983429606338887,0.01564369451600299,right,-0.002423107624053955,-0.0720382711852643,0.8698198636494576,-9.742463066771625,-0.03632246922296897,0.011940131895244122,-0.0037994906306266785,0.7058424766309559,-0.008965015411376953
1746738770504936200,28.554936279296875,0.0893331390763755,0.004249759949743748,0.04433970116707875,0.008671946823596954,0.006283723883072795,0.998344777732891,0.015787552309764013,right,-0.0023336410522460938,-0.07155120195676122,0.8726550140101462,-9.742553667664527,-0.036083427347282065,0.008553625084459782,-0.0047003477811813354,0.7010782579038292,-0.009634733200073242
1746738770544936200,28.594936279296874,0.08972935216875258,0.0011285142973065376,0.0445366470777269,0.011097090318799019,0.006350449124367316,0.998341361244118,0.01592068465720716,right,-0.001891493797302246,-0.0712222544241454,0.8765357279010116,-9.7424361787647,-0.03592343967738915,0.0036282995715737343,-0.004635654389858246,0.6978606110315769,-0.00919632613658905
1746738770584936400,28.6349365234375,0.09011084467154344,-0.005171262659132481,0.04472796572884241,0.008652569726109505,0.006311424662109659,0.9983322267993976,0.01585840609390592,right,-0.003466010093688965,-0.07127014906074215,0.8802492685314267,-9.742067345452307,-0.03594716342389444,-0.0049735503271222115,-0.003673247992992401,0.6983291053261608,-0.009680341929197311
1746738770624936400,28.6749365234375,0.09041889609352498,-0.0058013699017465115,0.04488458444023853,0.010072662495076656,0.006165774013107762,0.9983190799956195,0.015595823478078467,right,-0.0035799145698547363,-0.07166812204731801,0.8832251425370573,-9.741518479397893,-0.03614089118634965,-0.011801369488239288,-0.0025778785347938538,0.7022219480462372,-0.00998135656118393
1746738770664936200,28.714936279296875,0.09076102413278715,-0.0014630043879151344,0.04505441802764025,0.00787778478115797,0.006089373295821007,0.9983004664928667,0.015484061554705409,right,-0.0035375356674194336,-0.07230091334014044,0.886517462080717,-9.740771460422874,-0.03645527942414056,-0.014341745525598526,-0.004109583795070648,0.7084113772708922,-0.011913537979125977
1746738770704936200,28.754936279296874,0.09102386764674891,0.0039574443362653255,0.04518101857340846,0.0017364295199513435,0.006146020425262999,0.9982864912937677,0.015626554503938694,right,-0.004554450511932373,-0.07272440034578832,0.8890504146244377,-9.740238376459478,-0.03667067533209861,-0.005954494699835777,-0.004592984914779663,0.7125534455116838,-0.009722203016281128
1746738770744936200,28.794936279296873,0.09103495856771511,-0.0009135948494076729,0.04518248705242251,-0.0056734587997198105,0.006218513957346671,0.9982813207119188,0.01578359904616384,right,-0.004468381404876709,-0.07297313394737039,0.8891423306915909,-9.74005132945478,-0.03679840587467602,-0.0007478753104805946,-0.0066644251346588135,0.7149862256165593,-0.009272240102291107
1746738770784936200,28.834936279296876,0.09107840836681201,0.0001973489997908473,0.04520614003113182,0.005191095173358917,0.006197516835056254,0.9982844320780497,0.0157331324272342,right,-0.0032257437705993652,-0.07275502675485768,0.8895796991955488,-9.740168233832716,-0.036688536548770516,0.0006382169667631388,-0.005094602704048157,0.7128530129801481,-0.006559215486049652
1746738770824936200,28.874936279296875,0.09118887817361758,-0.002584856003522873,0.0452616116726311,0.0015172266867011786,0.006184324986287852,0.998281770734117,0.01571140279942502,right,-0.0032110214233398438,-0.07276895329032858,0.8906547810811549,-9.740059512761235,-0.03669533742016395,-0.002407497726380825,-0.003776833415031433,0.7129892065804452,-0.005757376551628113
1746738770864936400,28.9149365234375,0.09132106854993408,-0.004660364240407944,0.04532933301934074,0.0036863144487142563,0.006096969755769012,0.9982747643470218,0.01555269031440167,right,-0.004037618637084961,-0.07301778492255828,0.891926043125987,-9.739764913728832,-0.03681634777369722,-0.006442294921725988,-0.003511883318424225,0.7154229365333914,-0.006577350199222565
1746738770904936200,28.954936279296874,0.09129571774784596,-0.0015069728251546621,0.045316629432069676,-0.002753964625298977,0.006025563376812866,0.9982668590766299,0.015431132392903987,right,-0.004313647747039795,-0.0735059423826637,0.8916472261846065,-9.739438750514388,-0.03705716683905002,-0.011467289179563522,-0.004561685025691986,0.7201973113283514,-0.007380761206150055
1746738770944936200,28.994936279296876,0.09128073177678711,0.008353076875209808,0.04530453010778341,-0.0015574248973280191,0.006090428324716884,0.9982595689893521,0.015578805839063691,right,-0.002263486385345459,-0.07390356861767805,0.8914750844880938,-9.739166363313794,-0.03725892725518325,-0.006439602933824062,-0.0054892003536224365,0.7240861354604363,-0.006343863904476166
1746738770984936200,29.034936279296875,0.09128941219957186,0.012060113251209259,0.045298483320715656,-0.003942948766052723,0.0063503851282751475,0.9982555755638989,0.016105335870573206,right,-0.001960575580596924,-0.07402071320653014,0.8915518760513513,-9.739074008855223,-0.037329349874799786,0.002106955274939537,-0.005066424608230591,0.725231798364222,-0.006144307553768158
1746738771024936200,29.074936279296875,0.09144589858943848,0.0014128508046269417,0.04537261382623308,0.004360615275800228,0.006511347696434845,0.9982577874292236,0.016416584991584077,right,-0.0024321675300598145,-0.07364962080136943,0.8931004206676035,-9.739201434627175,-0.03715169117133415,0.011862259358167648,-0.004096269607543945,0.721602501951158,-0.003308236598968506
1746738771064936200,29.114936279296874,0.09151353375105029,-0.010939986445009708,0.04541423077741595,0.0005003102123737335,0.00638790906722178,0.9982675812754029,0.016145143614663657,right,-0.002505362033843994,-0.07307133727492128,0.8937970976948738,-9.739555070370436,-0.036857118039110494,0.014123326167464256,-0.0036002695560455322,0.7159467412117868,-0.0041661933064460754
1746738771104936400,29.1549365234375,0.09153381464751986,-0.009176625870168209,0.04543698541146981,0.00015344034181907773,0.006144746991808496,0.9982805464028723,0.015628433815791116,right,-0.002751946449279785,-0.07241403056755617,0.8940374823220074,-9.740003398659825,-0.03651736860449955,0.018702611327171326,-0.003515996038913727,0.7095178041428327,-0.008902683854103088
1746738771144936400,29.1949365234375,0.09141603574530913,-0.001885739155113697,0.04538952142050584,-0.007208939641714096,0.006008344971956582,0.9983044986618167,0.015298306259345848,right,-0.0038216710090637207,-0.07127208740306991,0.8929637156106531,-9.740908823066949,-0.03593953266135696,0.03604370355606079,-0.003630399703979492,0.6983480292223394,-0.008767649531364441
1746738771184936200,29.234936279296875,0.09082301318505288,0.003939036745578051,0.04510423800389562,-0.019811853766441345,0.005999970511774221,0.998350580146699,0.015175286724523278,right,-0.0042972564697265625,-0.06941485321909116,0.8873030595004558,-9.742711488574743,-0.035007927689008,0.05223378539085388,-0.0011656656861305237,0.6801798467818647,-0.006634131073951721
1746738771224936200,29.274936279296874,0.08977135513478714,0.008975958451628685,0.0445896543230514,-0.03027232177555561,0.006064965089389078,0.9984121336038422,0.015166996520571298,right,-0.004478573799133301,-0.06716547447142399,0.8771914883960038,-9.745138423460721,-0.03388172753777084,0.05522509664297104,-0.0023665353655815125,0.6581723784394562,-0.005827236920595169
1746738771264936200,29.314936279296877,0.0884390687022989,0.019709110260009766,0.04393045172545046,-0.03467005863785744,0.006285989059953668,0.9984792443232194,0.015459332142614655,right,-0.0030651092529296875,-0.06480176059085656,0.8643423820864409,-9.747821378934383,-0.03270408966092471,0.058121610432863235,-0.004193507134914398,0.6350427011340856,-0.008517734706401825
1746738771304936200,29.354936279296876,0.08711638589340341,0.030489251017570496,0.043268879367494684,-0.033150382339954376,0.006765590792891285,0.9985450856963914,0.016266187018535022,right,-0.0017565488815307617,-0.0622823034304577,0.8515848995830864,-9.750518947455287,-0.03145953287861092,0.05652959272265434,-0.002916581928730011,0.6103851566743105,-0.007601846009492874
1746738771344936400,29.3949365234375,0.08591702514942562,0.028963632881641388,0.04266376179877099,-0.03269973024725914,0.007396443222524918,0.9986013466740469,0.017393036318441624,right,-0.0018303394317626953,-0.05999610027221952,0.8400074206445366,-9.752897951546311,-0.030338049389792187,0.04765330255031586,-0.003936417400836945,0.5880070649212226,-0.00552624836564064
1746738771384936400,29.4349365234375,0.0847238675888264,0.02553921565413475,0.042063076987382764,-0.02904178574681282,0.007927279753522974,0.998649533879481,0.0183423019455402,right,0.0002155303955078125,-0.058176417747192115,0.8284592408657073,-9.754943193638324,-0.029445013769722476,0.037376247346401215,-0.004435636103153229,0.5701932123437523,-0.010582488030195236
1746738771424936200,29.474936279296877,0.08345263834170553,0.021294131875038147,0.041426584304315936,-0.02066253311932087,0.008324985149579764,0.9986955968323447,0.019034793679149675,right,0.0010200142860412598,-0.056594056993458854,0.8161320395383983,-9.756875623005628,-0.028664190910665598,0.034638676792383194,-0.0033160001039505005,0.5547011172447354,-0.01375182718038559
1746738771464936200,29.514936279296876,0.08269440732223066,0.016043271869421005,0.041043971836170236,-0.0162997804582119,0.008700501020236458,0.9987229769825028,0.01972080030772104,right,-0.0016778111457824707,-0.055531927977915015,0.8087820421017706,-9.758073308357595,-0.028144740031942513,0.010959774255752563,-0.004287265241146088,0.5443015229791403,-0.008827060461044312
1746738771504936200,29.554936279296875,0.08216893281662103,0.006627968512475491,0.040774561728577276,-0.008258339948952198,0.008932301440893943,0.9987302291990356,0.020174742304646328,right,-0.002141237258911133,-0.05564211210812629,0.8036493553884327,-9.758436880972981,-0.028206729161868917,-0.017018796876072884,-0.0035179555416107178,0.5453804042570293,-0.008011586964130402
1746738771544936200,29.594936279296874,0.0818057589868872,-0.001798819750547409,0.0405871760642761,-0.010533874854445457,0.008960445338904797,0.998725258201134,0.020256534250152697,right,-0.004031836986541748,-0.05650818823063041,0.8000663823351264,-9.758253925621508,-0.028639246620465072,-0.024785825982689857,-0.006108812987804413,0.5538603555716574,-0.00908958911895752
1746738771584936400,29.6349365234375,0.0814346570727147,0.004766594152897596,0.0403942762393684,-0.006367931142449379,0.009001660467309429,0.9987174933433504,0.020371443062228243,right,-0.002418816089630127,-0.0575565976371028,0.7963973384335636,-9.757965756329893,-0.029163430027420046,-0.024084141477942467,-0.006498590111732483,0.5641250348785892,-0.010578468441963196
1746738771624936400,29.6749365234375,0.08120592936511738,0.010829223319888115,0.0402682762255525,-0.007953454740345478,0.009206450646721879,0.9987068880015348,0.020812700760950344,right,-0.003708362579345703,-0.05848098574090888,0.7941228176303208,-9.757623811024427,-0.029632875038146055,-0.02240315079689026,-0.007352866232395172,0.5731749315682798,-0.009574312716722488
1746738771664936200,29.714936279296875,0.08116494085980752,0.006428566761314869,0.040237666752284615,-0.0012787985615432262,0.00942410330435809,0.9986973687448881,0.021270600919222084,right,-0.0047820210456848145,-0.059049147691165,0.7936963358465582,-9.757330381035803,-0.029925605070222322,-0.011361368000507355,-0.007771886885166168,0.5787370957400649,-0.0058855414390563965
1746738771704936200,29.754936279296874,0.08108733176601772,-0.00660905335098505,0.040198495981765545,-0.0009044317994266748,0.009377935765880925,0.9986952082125717,0.021187357485781214,right,-0.0023572444915771484,-0.05933138180295333,0.7929257898654788,-9.757228674227,-0.03006449586069787,-0.003994322847574949,-0.007422089576721191,0.5815000211147591,-0.007132034748792648
1746738771744936200,29.794936279296873,0.0811485353193995,-0.008083180524408817,0.04023577883807169,0.007860586978495121,0.009159202513323647,0.9986964282982248,0.020750096810795298,right,-0.0009551048278808594,-0.05930532931912882,0.7935241941500455,-9.757195356479286,-0.030042976529778907,0.004480899777263403,-0.005820125341415405,0.5812449503751471,-0.009326014667749405
1746738771784936200,29.834936279296876,0.08145046645120335,-0.0012424923479557037,0.04039176203098936,0.0060433279722929,0.00901461228439813,0.9986939597312279,0.020463120269015183,right,-0.0025941133499145508,-0.05914698420293849,0.7964776371281593,-9.757046887919307,-0.029959496351622292,0.0043102712370455265,-0.005846738815307617,0.5796948348563165,-0.011948581784963608
1746738771824936200,29.874936279296875,0.08170657472984702,0.004811522085219622,0.04052125494730238,0.004464589059352875,0.009016116471165795,0.9986928536170282,0.020462317247253933,right,-0.0032932162284851074,-0.058867739268594,0.7989896199490875,-9.757003633299469,-0.029821197529722912,0.006107344292104244,-0.0048551782965660095,0.5769611721087247,-0.010489005595445633
1746738771864936400,29.9149365234375,0.08183071354079637,0.001709112199023366,0.040582592445462494,0.0015858772676438093,0.009086041534380244,0.9986930915457073,0.02059638323243596,right,-0.004060864448547363,-0.058633162633800466,0.8002119282856583,-9.757038704612851,-0.02970734644957782,0.0021694041788578033,-0.00446879118680954,0.5746647317346185,-0.008518259972333908
1746738771904936200,29.954936279296874,0.0818718828095153,0.004096127115190029,0.04060171714406235,0.0014334640000015497,0.009121447492471282,0.9986911083081558,0.020670850985570633,right,-0.0033705830574035645,-0.05868983386584041,0.8006109375406056,-9.756973238161205,-0.029737342814937746,-0.006449027918279171,-0.005699418485164642,0.5752195160731672,-0.009353555738925934
1746738771944936200,29.994936279296876,0.08195860068094837,0.006658121012151241,0.040639645023421773,0.0025827286299318075,0.009219404559224893,0.9986829277018251,0.02088513690305941,right,-0.002268195152282715,-0.0590658346536964,0.8014392781235277,-9.756687406957148,-0.029929841142151414,-0.011393924243748188,-0.0070784687995910645,0.5789004330756142,-0.009048521518707275
1746738771984936200,30.034936279296875,0.08214410363395652,0.011765582486987114,0.04072459405710046,0.008727729320526123,0.009400863909292827,0.9986725725192145,0.021267760555608656,right,-0.0009748339653015137,-0.059395831637233346,0.8032334680639207,-9.756347799739242,-0.030103263458766353,-0.00735079450532794,-0.005483061075210571,0.5821309394294396,-0.008939787745475769
1746738772024936200,30.074936279296875,0.08222013659424401,0.002368675544857979,0.040756296111017935,0.0030946466140449047,0.009530221673570352,0.9986645857645365,0.021543705720732657,right,-0.0027848482131958008,-0.05974786189595137,0.8039583482723682,-9.756081842279434,-0.030285019675150755,-0.006778017617762089,-0.006601572036743164,0.5855770247627049,-0.008306551724672318
1746738772064936200,30.114936279296874,0.08234765546553778,-0.00779140368103981,0.040821557637945684,0.012800555676221848,0.0094460317860764,0.9986606320675155,0.021384705753277302,right,-0.00260007381439209,-0.059886101925208324,0.8051957811128347,-9.755898302406072,-0.030351409921652996,-0.0036241619382053614,-0.006213545799255371,0.5869303025351837,-0.0067112259566783905
1746738772104936400,30.1549365234375,0.08269986122777666,-0.013031663373112679,0.04100166057404716,0.012564774602651596,0.009215220585975202,0.9986495194044213,0.020949974072772073,right,-0.0007210373878479004,-0.06028928214858708,0.8086121654275804,-9.755377493402362,-0.030545473197072338,-0.010560432448983192,-0.00514577329158783,0.5908769943343475,-0.006612420082092285
1746738772144936400,30.1949365234375,0.08327671713928936,-0.01330008264631033,0.04129490278606038,0.016338082030415535,0.008918525411263156,0.9986317216829292,0.020397158738023925,right,-0.0013693571090698242,-0.06085488151004082,0.814211592869833,-9.754574944847821,-0.030819122601504646,-0.01332645583897829,-0.00457967072725296,0.5964134760756046,-0.007051754742860794
1746738772184936200,30.234936279296875,0.08378213896069811,-0.008624104782938957,0.041550101578074664,0.0112686138600111,0.008659336548655609,0.9986115015760322,0.01992682494081211,right,-0.002946317195892334,-0.06164028975538614,0.8191022144556045,-9.753692316794394,-0.03120375427513963,-0.018275205045938492,-0.005130365490913391,0.6041012540992349,-0.007124613970518112
1746738772224936200,30.274936279296874,0.08416212477225235,0.001966327428817749,0.041737452257740955,0.009834551252424717,0.008569502113865089,0.9985919823170921,0.01979266857107369,right,-0.0026037096977233887,-0.06243933980075817,0.8227675320301204,-9.752896197980641,-0.03160155271370376,-0.01588672772049904,-0.005905844271183014,0.6119221935158595,-0.0073617734014987946
1746738772264936200,30.314936279296877,0.08445326031987892,0.0043463632464408875,0.04187685300961077,0.002032746095210314,0.00866636105011183,0.9985781855269714,0.02001437977062289,right,-0.000667572021484375,-0.06287411087252531,0.8255844160817563,-9.752390586546063,-0.03182451542838206,-0.004913080483675003,-0.005249403417110443,0.6161774763401597,-0.007913131266832352
1746738772304936200,30.354936279296876,0.08479942087821651,0.004082836210727692,0.0420445275867479,0.003297142218798399,0.008810244882478913,0.9985686839669939,0.020316227433672326,right,-0.005055785179138184,-0.06293575988342516,0.8289570343200117,-9.752066176897287,-0.031863139288851275,-0.0028396097477525473,-0.005111530423164368,0.6167808490607887,-0.00499352440237999
1746738772344936400,30.3949365234375,0.08492315494246909,-0.0013599498197436333,0.04210534954079489,0.0034736967645585537,0.008842939487152892,0.998566110648445,0.020384670035514682,right,-0.0024887919425964355,-0.06291266922544907,0.8301648757398128,-9.751977914091944,-0.031853597595280225,-0.0020808361005038023,-0.004173830151557922,0.6165548582851886,-0.0057935453951358795
1746738772384936400,30.4349365234375,0.08521239775964642,-0.0018411249620839953,0.04225100075578785,0.01056704856455326,0.008806093837436356,0.9985608440961724,0.020318692009305243,right,-0.0015071630477905273,-0.06287989271217619,0.8329873127494006,-9.751757549339532,-0.03183711700325934,0.0006142298225313425,-0.005209386348724365,0.616234028832987,-0.007660966366529465
1746738772424936200,30.474936279296877,0.08567679826898673,-0.00015826092567294836,0.04248491495402812,0.012472882866859436,0.008779845653188673,0.998554640565736,0.020271201259908653,right,-0.0006067156791687012,-0.06265469323612712,0.8375277326580136,-9.751507373970746,-0.031725720211740874,0.00878085382282734,-0.004669375717639923,0.6140299429174513,-0.010335467755794525
1746738772464936200,30.514936279296876,0.08623850009858865,-0.002262389287352562,0.042769054747366475,0.013312356546521187,0.0087387719849733,0.9985494664036807,0.02018862211127543,right,-0.0030713677406311035,-0.0622368649064998,0.8430270607266575,-9.751290516349673,-0.03151781384432438,0.0101620526984334,-0.004038579761981964,0.6099404451141134,-0.009272735565900803
1746738772504936200,30.554936279296875,0.08668477427014555,-0.007497140672057867,0.042996938773386846,0.012836221605539322,0.0086134601382078,0.9985441849368084,0.019942499858259962,right,-0.0035052895545959473,-0.06202580881352048,0.8473898590460419,-9.751040925502776,-0.03140910101288465,-0.0015348950400948524,-0.0019046515226364136,0.6078746716907247,-0.008511874824762344
1746738772544936200,30.594936279296874,0.0871471177473348,-0.0056727877818048,0.04323129859785387,0.010280303657054901,0.008430162646226402,0.998530749688068,0.019604013035670997,right,-0.003617405891418457,-0.06234700773004533,0.851881106050685,-9.75045348100364,-0.03156413427161695,-0.011454894207417965,-0.0034602656960487366,0.6110184861417859,-0.00927058607339859
1746738772584936200,30.634936279296873,0.08746644162224203,-0.0010693599469959736,0.04339024775584267,0.002432253211736679,0.008346726789134128,0.9985170780430804,0.019467871283613537,right,-0.003199458122253418,-0.06282091025515825,0.8549692082591355,-9.749891170945762,-0.031799121309564325,-0.00902804546058178,-0.003252282738685608,0.6156567404016852,-0.009666647762060165
1746738772624936400,30.6749365234375,0.08760510312418045,0.0014460526872426271,0.04345513154820488,-0.0005040874239057302,0.008400510310071456,0.9985071725074982,0.019598008522791654,right,-0.0031603574752807617,-0.06322858887965556,0.8562990686234087,-9.74952175311148,-0.03200605856359803,-0.0108495457097888,-0.005424804985523224,0.619646759885922,-0.007873553782701492
1746738772664936200,30.714936279296875,0.0873464142021647,-0.0037779121194034815,0.04332620597903748,-0.003029962070286274,0.008377430346722541,0.9985113891872051,0.01954802088155355,right,0.0010451078414916992,-0.0633315849159494,0.8537713767766952,-9.749679574021696,-0.03205530885498032,0.00567378755658865,-0.003418058156967163,0.6206548409499227,-0.010194551199674606
1746738772704936200,30.754936279296874,0.08734309668934741,-0.0031177811324596405,0.043327592453140516,-0.0011581629514694214,0.008331916716009056,0.9985158511244725,0.019445618785996054,right,-0.002642035484313965,-0.0630785997584875,0.8537527451414615,-9.749837979453801,-0.03192677468047458,0.0020078171510249376,-0.0035327747464179993,0.6181788062252104,-0.006259903311729431
1746738772744936200,30.794936279296873,0.08734199817636733,-0.007571027614176273,0.043330510790359246,0.002931238617748022,0.008219927972831666,0.9985165527041191,0.01922207524147309,right,-0.0011959671974182129,-0.06309681414483889,0.8537410547036677,-9.749828042581678,-0.031931019439677674,-0.006433267146348953,-0.0017023459076881409,0.6183570854015648,-0.0058553628623485565
1746738772784936200,30.834936279296876,0.08743770019034952,-0.005328028462827206,0.04338149244217641,0.00016974890604615211,0.008078747647218006,0.9985123359936706,0.01895145265818654,right,-0.003315746784210205,-0.06330336934606055,0.8546629187889396,-9.749618783745168,-0.03202866521062894,-0.006084504071623087,-0.003934711217880249,0.6203786543570459,-0.00713435560464859
1746738772824936200,30.874936279296875,0.08732100745028906,0.004575258120894432,0.04332287525524331,-0.0036173935513943434,0.0080459167644264,0.998511345083273,0.018892531899999402,right,-0.003966212272644043,-0.06354393151440937,0.8535122143838554,-9.749569683906435,-0.03214701649675318,-0.004547161981463432,-0.004571191966533661,0.6227330354634673,-0.009475652128458023
1746738772864936400,30.9149365234375,0.08720814551907943,0.02162378653883934,0.04325744143463725,-0.007236284203827381,0.00830791767428501,0.998509847162918,0.01941866885002106,right,-0.006006062030792236,-0.06365745759688655,0.8524056413814425,-9.749595402869582,-0.03221462068020822,-0.004133574198931456,-0.006307750940322876,0.623844065445289,-0.01008780300617218
1746738772904936200,30.954936279296874,0.08692045850506669,0.020254364237189293,0.04310141475444918,-0.004148218780755997,0.00872915815058166,0.9985150621211895,0.020246014759085492,right,-0.002421557903289795,-0.06349523001755697,0.8496095809221267,-9.749940855306386,-0.03215026700898473,0.0022594775073230267,-0.00571838766336441,0.622256430927664,-0.006595853716135025
1746738772944936200,30.994936279296876,0.08667334611406287,0.003796195611357689,0.042971388430786565,-0.006542041897773743,0.008987265129973583,0.9985218073720733,0.020744855708486026,right,-0.0029938220977783203,-0.06326218782224034,0.8472127489134669,-9.750294491049647,-0.03204356145972652,0.0029970393516123295,-0.0058671459555625916,0.619975626514107,-0.004641547799110413
1746738772984936200,31.034936279296875,0.08644368406353564,-0.001370033249258995,0.042858118894468895,-0.0017058365046977997,0.00898515066644771,0.9985296784869635,0.020725233293088972,right,-0.0003051161766052246,-0.06307820329361237,0.844983309360966,-9.750602534085512,-0.03195025466604209,0.004902438726276159,-0.00353095680475235,0.6181749337676912,-0.00764840841293335
1746738773024936200,31.074936279296875,0.08640131899666544,0.0013577872887253761,0.042840106889101795,-0.0006876442348584533,0.008955128395363408,0.9985360774068779,0.020649348651515353,right,-0.003368675708770752,-0.06274764217331309,0.8445878072373568,-9.750841019016503,-0.03178340439106904,0.010117818601429462,-0.0051892101764678955,0.6149396781735121,-0.009530112147331238
1746738773064936200,31.114936279296874,0.08640879226313405,0.001484158681705594,0.042845851796462234,-0.0017084530554711819,0.008993317494430046,0.9985432552390114,0.020704536636655457,right,-0.002184748649597168,-0.062253093766301455,0.8446868106324226,-9.751136787092685,-0.031537714643666025,0.011159973219037056,-0.005599759519100189,0.6100992889376357,-0.01048646867275238
1746738773104936400,31.1549365234375,0.08635249107790219,-0.002056982135400176,0.042820207671809045,-0.002673725364729762,0.009027447765175988,0.9985524995728905,0.020747697186980833,right,-0.002738654613494873,-0.06171496656458398,0.8441660016287118,-9.751509712058304,-0.03126971912518432,0.006179903168231249,-0.004366852343082428,0.604832198722288,-0.00927647203207016
1746738773144936400,31.1949365234375,0.0862850418410666,-0.005373864900320768,0.042789699621816696,0.0018954041879624128,0.008959062645264509,0.99855693294472,0.020601955007794704,right,-0.0010883212089538574,-0.06156177145078805,0.8435162324830889,-9.751658765140176,-0.031189811499486495,-0.0019530230201780796,-0.0041571930050849915,0.6033327174121513,-0.009837117046117783
1746738773184936200,31.234936279296875,0.08632290278011089,-0.0029125360306352377,0.042809698685910794,0.0026480653323233128,0.008877761527749632,0.9985534713405858,0.02044990693088229,right,-0.0022806525230407715,-0.061782591752836624,0.8438739598795771,-9.751493929967284,-0.031296973422742375,-0.007140016183257103,-0.005234085023403168,0.6054940966971218,-0.010640047490596771
1746738773224936200,31.274936279296874,0.08633026584282069,0.0035198230762034655,0.04281127764445904,-0.0006055948324501514,0.008870546149138193,0.9985477945055986,0.020451330418025115,right,-0.0035617947578430176,-0.062142173158694,0.8439269321758299,-9.751270642605423,-0.031476562682885297,-0.008683140389621258,-0.004662893712520599,0.6090136125927791,-0.011527519673109055
1746738773264936200,31.314936279296877,0.08614395594533208,0.008847376331686974,0.042710484393247525,-0.009403709322214127,0.009036513016836273,0.9985440885700549,0.020795337803486663,right,-0.00490880012512207,-0.06254437708658019,0.8420889761589467,-9.751182379800081,-0.0316838868920751,-0.011318850331008434,-0.007142223417758942,0.6129502579219639,-0.012096896767616272
1746738773304936200,31.354936279296876,0.0858459265990661,0.012676925398409367,0.042554000197267614,0.0024244114756584167,0.009250089265143417,0.9985460171045711,0.021220544792193836,right,-0.0019963979721069336,-0.06270358289217225,0.839174403886497,-9.751335524535179,-0.031771073871084646,-0.007723815739154816,-0.005064047873020172,0.6145084471493959,-0.007851973176002502
1746738773344936400,31.3949365234375,0.08588023864229227,0.002568689174950123,0.04256301148564526,0.001027011894620955,0.009420859382795107,0.9985374705982795,0.021580796260479488,right,-0.0033040642738342285,-0.0630989595741375,0.8394881460107863,-9.751064306378364,-0.03197629477482827,-0.015325011685490608,-0.0037137940526008606,0.6183781281895935,-0.004734676331281662
1746738773384936400,31.4349365234375,0.08590400403687729,-0.01014817412942648,0.04257444501843362,0.004819964990019798,0.009309099589625166,0.998528564013536,0.02138352438705974,right,-0.0027576684951782227,-0.06369490579038037,0.839688052497059,-9.750675599321722,-0.032269735457926586,-0.011711950413882732,-0.003675214946269989,0.6242105606701225,-0.005753185600042343
1746738773424936200,31.474936279296877,0.08581223616812181,-0.009643242694437504,0.042533528470678095,-0.003493223339319229,0.009041725890443565,0.9985238780567876,0.02086986224612734,right,-0.0029625296592712402,-0.0642689544055494,0.8387624620847404,-9.750393859770893,-0.032544976729276726,-0.017195504158735275,-0.005217708647251129,0.6298285466823726,-0.007316432893276215
1746738773464936200,31.514936279296876,0.08578459835795964,0.0033234991133213043,0.04251632865521364,0.0009403708390891552,0.00898446214147432,0.9985120415103755,0.020788957572163022,right,-0.0029801130294799805,-0.0650710316799905,0.838449377547577,-9.749910460168122,-0.03294356517730654,-0.019358674064278603,-0.005953438580036163,0.637677798878029,-0.008901108056306839
1746738773504936200,31.554936279296875,0.08566743689057721,0.012264205142855644,0.04244622418026579,-0.009185180068016052,0.009217828673138848,0.9985028294796657,0.02127805046895873,right,-0.0017306804656982422,-0.06566190869487724,0.8372747077450156,-9.749631643226742,-0.03324840829034427,-0.00803141575306654,-0.006767086684703827,0.6434599624760449,-0.008210912346839905
1746738773544936200,31.594936279296874,0.08559203256669279,0.006200721021741629,0.042398430338594174,-0.0032370383851230145,0.009517220775672785,0.9985011254139678,0.02187659142507039,right,-0.00331038236618042,-0.0656936286372385,0.8365377717725933,-9.74967431332469,-0.03327658615959937,-0.0029165977612137794,-0.005430974066257477,0.6437703435994684,-0.002512335777282715
1746738773584936200,31.634936279296873,0.08550192195180564,-0.00730849476531148,0.04235281904619197,-0.004073258489370346,0.009528896782111666,0.9985022159929776,0.02189876660206311,right,-0.003201127052307129,-0.06573516568431846,0.8356569703500717,-9.749722828641533,-0.03329736510674055,0.00006509432569146156,-0.006182186305522919,0.6441768055085092,-0.005309659987688065
1746738773624936400,31.6749365234375,0.08544403816198427,-0.0036445704754441977,0.04232947577414093,0.001730465330183506,0.009407575510547559,0.9985081570951371,0.021644489600592506,right,-0.0025528669357299805,-0.06551845486160557,0.8351045240990818,-9.749910460168122,-0.033183517381217775,0.00949515774846077,-0.00634012371301651,0.6420561600927263,-0.009620863944292068
1746738773664936200,31.714936279296875,0.08552542781391176,0.002101906342431903,0.04237409067972457,0.00333778141066432,0.00937014899641275,0.9985133639017851,0.02155458309013097,right,-0.0009763836860656738,-0.06510943013661445,0.8359203705266117,-9.75010276786983,-0.03297779627187564,0.009112170897424221,-0.006224222481250763,0.6380535733878612,-0.01151641458272934
1746738773704936200,31.754936279296874,0.0856991665177166,0.0049508363008499146,0.04245878574899678,0.00545149389654398,0.009488513019997265,0.9985131561713991,0.021785035256380085,right,-0.002282440662384033,-0.06482334373624078,0.8376299509234726,-9.75013900822699,-0.032840677006023944,0.0014807838015258312,-0.005182668566703796,0.6352539327319711,-0.009922385215759277
1746738773744936200,31.794936279296873,0.08582397795819036,0.0017654669936746359,0.04251834677898382,0.002058624755591154,0.009577093796669182,0.9985102242389016,0.021965115068505715,right,-0.003216385841369629,-0.06478981258466285,0.8388486790634692,-9.750055421596764,-0.03282835600963943,-0.003600255586206913,-0.00498325377702713,0.6349257967561484,-0.008965924382209778
1746738773784936200,31.834936279296876,0.08594556889689892,-0.0022650088649243116,0.04257689112624859,0.004810072481632233,0.009596099855684916,0.9985039973413917,0.022016410810589783,right,-0.0013830065727233887,-0.06500268142427466,0.8400225451484322,-9.749818690231441,-0.032936302192591485,-0.011355023831129074,-0.004531137645244598,0.6370089597057551,-0.007852785289287567
1746738773824936200,31.874936279296875,0.0861928278701508,-0.002858859719708562,0.04269802122079398,0.006565566640347242,0.009576431752825725,0.9984922772646265,0.022002955994437207,right,-0.002430140972137451,-0.06541167892570424,0.8424107554592192,-9.749350488197804,-0.03314138414410696,-0.010383186861872673,-0.004570506513118744,0.6410113272149115,-0.008598189800977707
1746738773864936400,31.9149365234375,0.08642581607300295,-0.0001932161394506693,0.042813412985730326,0.0032199749257415533,0.009555603921044717,0.9984839661339533,0.02197835501603178,right,-0.0041617751121521,-0.0656269147346862,0.8446702978890389,-9.749016141676902,-0.03324942370591797,-0.004111660178750753,-0.004187934100627899,0.6431175057139247,-0.00827820971608162
1746738773904936200,31.954936279296874,0.0863966631865584,-0.003172974567860365,0.04279834836894297,-0.007074370980262756,0.009546378589168888,0.9984827285225708,0.0219641543645203,right,-0.004746913909912109,-0.06574733530972171,0.8443794251836836,-9.74896353470683,-0.033309097052526944,0.0021265163086354733,-0.006331615149974823,0.6442959018435329,-0.009177904576063156
1746738773944936200,31.994936279296876,0.08629868718085919,-0.0013910535490140319,0.04275467613150042,0.0031244512647390366,0.009466107383977573,0.9984914738749294,0.021784221084613788,right,-0.0028991103172302246,-0.06538260626630517,0.8434444093558937,-9.74927976104915,-0.03312270300139972,0.009177545085549355,-0.005730852484703064,0.6407268111851065,-0.0063605159521102905
1746738773984936200,32.03493627929687,0.0863006301477206,-0.004785765893757343,0.042760753188606906,-0.001515975221991539,0.009382717501450975,0.9984978266089786,0.021602293088023288,right,-0.0031884312629699707,-0.0650389022189261,0.8434823302134871,-9.749496618670225,-0.03294723395173882,0.004404983017593622,-0.004157312214374542,0.6373633991666138,-0.003821723163127899
1746738774024936200,32.07493627929688,0.08621001897277286,-0.008610683493316174,0.04272291236301544,-0.0037086866796016693,0.009209427776501725,0.998505316687072,0.02124165298199565,right,-0.003995180130004883,-0.06479623135281726,0.8426121963154524,-9.74972692029476,-0.03281795560152769,0.008343376219272614,-0.0027191266417503357,0.6349886328592896,-0.006430644541978836
1746738774064936200,32.11493627929688,0.08583118203695302,0.00010570511221885681,0.04254124206844194,-0.01126478984951973,0.009074483878825928,0.9985215350595463,0.020940461595713826,right,-0.002426624298095703,-0.06436991180973915,0.8389416911091655,-9.750314364793896,-0.032596967481457635,0.012952222488820553,-0.004704989492893219,0.6308166078716516,-0.00935768336057663
1746738774104936400,32.1549365234375,0.08550628722518641,0.016967488452792168,0.04237828212719959,-0.005711938254535198,0.009234456898780581,0.9985372895182196,0.02122255108141505,right,-0.0019996166229248047,-0.06372697944650471,0.8358082884542644,-9.750988318532706,-0.032280484573793136,0.009806069545447826,-0.005927808582782745,0.6245245219901204,-0.007737409323453903
1746738774144936400,32.1949365234375,0.08527282961670711,0.016159899532794952,0.042252531908550814,-0.007806921377778053,0.009610987298363956,0.9985452760656375,0.021951214012011097,right,-0.0023089051246643066,-0.06330961788442144,0.8335539336562157,-9.751442492040992,-0.032086432647947645,0.0090035330504179,-0.006545655429363251,0.6204398099597543,-0.0067732371389865875
1746738774184936200,32.234936279296875,0.08516163551307297,-0.0012106113135814667,0.04219437862009172,-0.0033411970362067223,0.009802613276555605,0.9985536208280955,0.022309981686771296,right,-0.0012420415878295898,-0.06280985386016025,0.8324959490358829,-9.751842889535427,-0.031843955466447166,0.011566169559955597,-0.005387991666793823,0.615548530786857,-0.003324884921312332
1746738774224936200,32.274936279296874,0.08513021918235868,-0.014679308980703354,0.04218667187349695,0.00020676502026617527,0.00962457045438476,0.9985613130795418,0.021937989090042173,right,-0.0024454593658447266,-0.06247467147629919,0.8322070490919053,-9.752073775681852,-0.03166860918566636,0.00464588264003396,-0.004095263779163361,0.6122679747462272,-0.005657561123371124
1746738774264936200,32.31493627929687,0.08525647941596728,-0.009897293522953987,0.042261453934243035,0.004727819934487343,0.009307582360628239,0.9985657218627717,0.021295778045162573,right,-0.002666950225830078,-0.062211212192210395,0.8334520807169378,-9.752129305261374,-0.03152411195234063,0.010476568713784218,-0.004477418959140778,0.6096893564298749,-0.010742910206317902
1746738774304936200,32.35493627929687,0.08527898259206355,0.0045846737921237946,0.04227955042042537,-0.00008006487041711807,0.009221345573622136,0.9985757145154863,0.021096756456337882,right,-0.002303481101989746,-0.06158293983145104,0.8337039365861565,-9.75248995526731,-0.031206332115063917,0.018401969224214554,-0.003292977809906006,0.6035398938894272,-0.012442626059055328
1746738774344936400,32.3949365234375,0.08527389959055984,0.008825771510601044,0.04227634095693593,-0.0017953531350940466,0.009377586026131552,0.9985840287557423,0.021382359418586842,right,-0.0028697848320007324,-0.060951047321522345,0.8336866931904107,-9.752872232583165,-0.03089685666863993,0.00614551454782486,-0.003702811896800995,0.5973547755137085,-0.008122995495796204
1746738774384936400,32.4349365234375,0.08523348903593848,0.0041943988762795925,0.042251540296329375,-0.003952935338020325,0.009531948181450159,0.9985837234619406,0.0216894210798888,right,-0.0034312009811401367,-0.060931268104775525,0.8332936022195965,-9.75291782529056,-0.030893279253226536,-0.0031615104526281357,-0.004451632499694824,0.597161189170368,-0.008316390216350555
1746738774424936200,32.47493627929688,0.08512093287278857,0.0033381273970007896,0.042192905967357155,-0.002434714697301388,0.00960351745639212,0.9985848354847866,0.021831023258067912,right,-0.002178370952606201,-0.06097187412392079,0.8321937512189149,-9.752987383395434,-0.03091600318104379,0.0007236669771373272,-0.004970170557498932,0.5975586275227368,-0.010848484933376312
1746738774464936200,32.514936279296876,0.08503361662215451,0.005749192088842392,0.042147548908793596,-0.0030737565830349922,0.009696150896780591,0.998588180760845,0.022007132025724078,right,-0.002709627151489258,-0.06081521124376729,0.8313501400016248,-9.753152803090215,-0.030841076403112677,0.0013198505621403456,-0.005300439894199371,0.596025134345144,-0.009929653257131577
1746738774504936200,32.554936279296875,0.08488966634826209,0.007480066269636154,0.042073071357716256,-0.0025380845181643963,0.009830285777125138,0.9985931398279928,0.022262166614676625,right,-0.0011296272277832031,-0.06060105232267179,0.8299569320775568,-9.753399471327661,-0.0307388187172182,0.005325314588844776,-0.005427151918411255,0.5939288561856374,-0.009510695934295654
1746738774544936200,32.594936279296874,0.08462997297697639,0.0073834629729390144,0.041941027415489385,-0.005836689844727516,0.009984970599752166,0.9986020228960334,0.0225500498989865,right,-0.0030612945556640625,-0.06027474188368025,0.8274403461467474,-9.753807467606663,-0.030580656838497665,0.0055556208826601505,-0.00609627366065979,0.5907346632542089,-0.012685921043157578
1746738774584936200,32.63493627929687,0.08410989751961241,0.003387079108506441,0.04168514876637129,0.00173476105555892,0.009991232765405745,0.9986210520456891,0.022523645134712965,right,0.0005919337272644043,-0.0597320122784763,0.8223943148035555,-9.754554486581682,-0.03030652656754571,0.012655936181545258,-0.004426099359989166,0.5854218707336113,-0.011770416051149368
1746738774624936400,32.6749365234375,0.0840232117317486,-0.0024208268150687218,0.041644849190853685,0.0016385051421821117,0.00995915602886961,0.9986274542632984,0.022444622214404943,right,-0.00014859437942504883,-0.0594452482764967,0.8215628324154763,-9.754792386990784,-0.03016126717505059,-0.0014829207211732864,-0.0048387423157691956,0.5826146678257733,-0.006167296320199966
1746738774664936200,32.71493627929687,0.08421540307736124,-0.012898609042167664,0.04174402781815816,0.009504932910203934,0.00978183704795127,0.998620624283941,0.02210815372790261,right,-0.0015608668327331543,-0.05974796798731823,0.8234227080032229,-9.754458624991774,-0.03030635016455533,-0.007460001856088638,-0.0027830228209495544,0.58557808420863,-0.007616918534040451
1746738774704936200,32.75493627929688,0.08438187109574193,-0.011557700112462044,0.04183304558629274,-0.0005324501544237137,0.00950425546147303,0.9986142972163301,0.021572905965319487,right,-0.0037875771522521973,-0.06011543360787168,0.8250283165689557,-9.754106158292293,-0.030479443386221147,-0.010658495128154755,-0.004905715584754944,0.5891752319177612,-0.009500417858362198
1746738774744936200,32.79493627929688,0.08430227374303387,0.00831540860235691,0.04179079002497932,-0.0014253200497478247,0.009460764048336604,0.9986076799622455,0.021508118473490996,right,-0.0027251243591308594,-0.06069765180298504,0.8242229184702038,-9.753828510394692,-0.030768406390866875,-0.01677842065691948,-0.004950813949108124,0.5948744299400598,-0.01170363649725914
1746738774784936200,32.834936279296876,0.0842083161446851,0.021967431530356407,0.04172821341374123,-0.00769913662225008,0.009835552281747442,0.9985968492831003,0.022281580725606924,right,-0.0028853416442871094,-0.061303642753582646,0.8232759930089115,-9.753544432756303,-0.03108666533011075,-0.013450274243950844,-0.00644104927778244,0.600806121543981,-0.010743658989667892
1746738774824936200,32.874936279296875,0.08410648649752414,0.017815103754401207,0.04166303929505443,-0.005883718840777874,0.010307315411467918,0.9985949108799739,0.0232214045338445,right,-0.00412672758102417,-0.06125984047279149,0.8222850092101842,-9.753654907393456,-0.031083875702361066,0.0022704917937517166,-0.006842091679573059,0.600377374737896,-0.00456373393535614
1746738774864936400,32.9149365234375,0.08392933278387565,-0.0033794082701206207,0.04157181359158657,-0.002893110504373908,0.010460906590944227,0.9986010388240182,0.023512164277707318,right,-0.001896500587463379,-0.06099209384873094,0.8205705334424972,-9.753960027819872,-0.030955326870615505,0.0023650131188333035,-0.004915125668048859,0.5977565612476319,-0.0022668838500976562
1746738774904936200,32.954936279296874,0.08403675375865162,-0.012249251827597618,0.04163339881848171,0.007289270870387554,0.010253781970864602,0.9986043378737779,0.023091166362587734,right,-0.001237630844116211,-0.060768056513687385,0.8216295409761368,-9.754005036005378,-0.03083526698047884,0.012074481695890427,-0.006255045533180237,0.5955635812480002,-0.007715102285146713
1746738774944936200,32.99493627929687,0.08435203629699072,-0.011709152720868587,0.041804972766514584,0.008791347034275532,0.009965311067926214,0.9986124054002203,0.02248990746375283,right,-0.0019104480743408203,-0.05998659273249915,0.8247437274739146,-9.75420611153543,-0.03043414147436185,0.023431185632944107,-0.0055806636810302734,0.5879140163429081,-0.009192805737257004
1746738774984936200,33.03493627929687,0.08473926696110372,-0.011564862914383411,0.04201271403582873,0.009504728950560093,0.009684185009473973,0.998620216014367,0.02190063443813685,right,-0.002668321132659912,-0.05909621319542583,0.8285647470667957,-9.754403679934143,-0.029979134442948304,0.01914522796869278,-0.005306310951709747,0.5791978451196104,-0.00827055424451828
1746738775024936200,33.07493627929688,0.08503780461378399,-0.015823980793356895,0.042177188041519806,0.00710165873169899,0.009326686193731368,0.998628040715993,0.021162101568069643,right,-0.0023776888847351074,-0.058361027645885584,0.8315127101521939,-9.75457786745727,-0.029597932347736434,0.018722519278526306,-0.004880815744400024,0.5720005540266633,-0.010202005505561829
1746738775064936200,33.11493627929688,0.08516026611456333,-0.013622881844639778,0.04225401025552771,0.0027583367191255093,0.008955786242509162,0.9986397025514804,0.020390839869484423,right,-0.0023270845413208008,-0.05761343903646798,0.8327434209909289,-9.754899354496597,-0.029208936490960395,0.01468377374112606,-0.004516482353210449,0.5646815362501889,-0.009823843836784363
1746738775104936400,33.1549365234375,0.08511237044735588,-0.0037895189598202705,0.04223890699636831,-0.0020069959573447704,0.008749127787535562,0.9986488717069616,0.019956617400340396,right,-0.0018008947372436523,-0.057171560156436145,0.8322972846586256,-9.755186939266324,-0.028978917934290208,0.009330720640718937,-0.0038462504744529724,0.5603553070815279,-0.010883606970310211
1746738775144936400,33.1949365234375,0.08496492900296103,0.003409266471862793,0.04216669266969504,-0.0071034240536391735,0.008751242667530943,0.998655127817869,0.019946897134064345,right,-0.0030856728553771973,-0.05694543445893431,0.8308697360735386,-9.75543536106944,-0.028865162166464262,-0.0006366772577166557,-0.0054422467947006226,0.5581413938917219,-0.008743952959775925
1746738775184936200,33.234936279296875,0.08453653622049094,-0.0036496450193226337,0.041951426352680336,-0.011936553753912449,0.008798676477573575,0.9986634174190837,0.020030633232734484,right,-0.0025790929794311523,-0.05697181215994575,0.8266892355185002,-9.755775552809238,-0.0288782138607538,0.001118711312301457,-0.004716120660305023,0.558399642969109,-0.009304851293563843
1746738775224936200,33.274936279296874,0.08428686759438968,-0.0020824591629207134,0.04182635101024788,-0.006636446807533503,0.008813659438875847,0.9986683835903231,0.020053951601332536,right,-0.00216752290725708,-0.05698433789745515,0.8242528752170503,-9.75597487477362,-0.028883856851322543,-0.0026850998401641846,-0.004939019680023193,0.5585222829680889,-0.00531710684299469
1746738775264936200,33.31493627929687,0.08411436544690547,-0.002607532311230898,0.04174008433948569,-0.00124762998893857,0.008775933302762698,0.9986693904888838,0.019982242739845793,right,-0.0015124082565307617,-0.057192817892280964,0.8225601728897541,-9.756000593736767,-0.028985698441203668,-0.006994269788265228,-0.0044773295521736145,0.5605634334068745,-0.0050941891968250275
1746738775304936200,33.35493627929687,0.08413262068565207,-0.004528243560343981,0.04175015023706542,-0.00002227327786386013,0.008687262941722161,0.9986660691117135,0.019816292077763944,right,-0.0025612711906433105,-0.057454675787830284,0.8227258848454803,-9.755839265695213,-0.02911306483761939,-0.00549305509775877,-0.005851387977600098,0.563127182947658,-0.006256412714719772
1746738775344936400,33.3949365234375,0.08405553422182542,-0.0007611801847815514,0.04171159616337836,0.0008496579248458147,0.008638465191520969,0.9986645802978571,0.019726768138036567,right,-0.0013966560363769531,-0.057701482171058104,0.8219621339313685,-9.755763862371444,-0.029234098142894915,-0.002316943369805813,-0.005290910601615906,0.5655435233743861,-0.010514236986637115
1746738775384936400,33.4349365234375,0.08407141606407766,0.0093642333522439,0.04171449080571051,0.0033243047073483467,0.008781278655292764,0.9986610265292357,0.020019014060350847,right,-0.003400146961212158,-0.057837777766887206,0.8221106024913489,-9.755673846000432,-0.02930831792225338,-0.006133187562227249,-0.006712049245834351,0.5668778772506863,-0.008481767028570175
1746738775424936200,33.47493627929688,0.08400555043819967,0.008404774591326714,0.04167548600534334,0.0063271718099713326,0.008938845459244777,0.9986575545610721,0.02034282754188953,right,-0.0013866424560546875,-0.05807855805778764,0.8214565955620259,-9.755591428413986,-0.02943500190477108,-0.004375838674604893,-0.004777401685714722,0.569235180966556,-0.00848257914185524
1746738775464936200,33.514936279296876,0.08407931243460037,-0.00142713263630867,0.0417105022247255,0.0012055044062435627,0.008970848713171437,0.9986537861321497,0.020414716662952193,right,-0.0029942989349365234,-0.05821128645180351,0.8221698583979159,-9.75545523481369,-0.02950310443087824,-0.0011683511547744274,-0.005562484264373779,0.5705345731273294,-0.006818950176239014
1746738775504936200,33.554936279296875,0.08414115646650178,-0.00614622188732028,0.04174465417429314,0.006061514373868704,0.00884222827096396,0.9986524846861747,0.020162339553783576,right,-0.0016227364540100098,-0.05829110908491483,0.8227692855957895,-9.755359373223781,-0.029537970588458827,-0.0002612709067761898,-0.00382300466299057,0.5713160423612221,-0.009135574102401733
1746738775544936200,33.594936279296874,0.0843617060973407,-0.0031728532630950212,0.04185868697474357,0.004453941248357296,0.008720030332070342,0.9986497186210167,0.01992150402817474,right,-0.003300309181213379,-0.05822919437898031,0.8249238332811742,-9.75521265822947,-0.02950299349287136,0.003004907164722681,-0.005318373441696167,0.5707098931616171,-0.011501524597406387
1746738775584936200,33.63493627929687,0.08465364483497016,0.00040403613820672035,0.04200584467676342,0.006973091512918472,0.008713767498567464,0.9986467046269352,0.019908475105561218,right,-0.0030246376991271973,-0.05801552426622389,0.8277819991912693,-9.755092831242084,-0.029397304879406384,0.004213831853121519,-0.004700317978858948,0.5686180719815195,-0.011782318353652954
1746738775624936400,33.6749365234375,0.08488852884844705,-0.0035718739964067936,0.042124028128293606,0.005030961707234383,0.008713118845915316,0.9986440391451229,0.01990732097949156,right,-0.00307619571685791,-0.05785719784508205,0.8300809237834066,-9.754987617301941,-0.029319249509454616,-0.001095353625714779,-0.004417434334754944,0.5670679929953069,-0.008927468210458755
1746738775664936200,33.71493627929687,0.08513326159672271,-0.006999124772846699,0.04224804986834392,0.00862425658851862,0.008621361099222886,0.9986378923530546,0.01973605758740212,right,-0.00210726261138916,-0.05798118674604988,0.8324622659619897,-9.754714061057568,-0.029378605102995763,-0.00629761815071106,-0.0041719526052474976,0.5682818988297135,-0.009755894541740417
1746738775704936200,33.75493627929688,0.08539515161054421,-0.006364238914102316,0.04238051133357561,0.00887103471904993,0.008481888410153592,0.9986280817564833,0.01948056767976532,right,-0.003493785858154297,-0.058356308071084974,0.8349986525718123,-9.754282683902979,-0.029561618914323965,-0.006268347147852182,-0.004290170967578888,0.5719543402647599,-0.011210102587938309
1746738775744936200,33.79493627929688,0.08554824286610112,-0.0021065687760710716,0.042455830446607966,-0.0004553617909550667,0.00844536898181448,0.9986200067837411,0.019427017107626832,right,-0.004102885723114014,-0.05870579244053854,0.8364747895389795,-9.753954767122865,-0.029735629088174082,-0.010289784520864487,-0.0059980228543281555,0.5753757660808041,-0.00953802838921547
1746738775784936200,33.834936279296876,0.08546668188287046,-0.002057599602267146,0.0424118505704652,-0.009423613548278809,0.008485582948171212,0.9986164093383707,0.019519803265130555,right,-0.0028938651084899902,-0.059046722755176265,0.8356624502427875,-9.753827341350913,-0.029907477741569655,-0.0023037139326334,-0.004546739161014557,0.5787133495382965,-0.010402139276266098
1746738775824936200,33.874936279296875,0.085521694191973,-0.00004975008778274059,0.04243855914655822,0.0007895892485976219,0.008517131102444588,0.9986154153813802,0.019583180581718367,right,-0.0035936832427978516,-0.05901297994211916,0.8362007218379527,-9.753800453343986,-0.029892209803956387,-0.0026345537044107914,-0.004692055284976959,0.5783830216053873,-0.006165537983179092
1746738775864936400,33.9149365234375,0.08555427550531233,-0.0027855930384248495,0.04245501196266336,0.0011371318250894547,0.008461130137302209,0.9986116572317933,0.01948236209365307,right,-0.0028200149536132812,-0.059253481883656145,0.8365065729167311,-9.753634449127317,-0.030010289476164326,-0.009659348987042904,-0.0036574900150299072,0.5807374027118086,-0.007068086415529251
1746738775904936200,33.954936279296874,0.08557650250254849,0.00001371186226606369,0.042464526834424705,-0.0019094457384198904,0.008436516100262607,0.9986058427493006,0.019449965809971093,right,-0.0028975605964660645,-0.0596300670487476,0.8367046527720987,-9.753397133240103,-0.03019772059201575,-0.006513709202408791,-0.004476338624954224,0.5844239092048257,-0.009402666240930557
1746738775944936200,33.99493627929687,0.0853034124034701,0.007440933026373386,0.042324317333647166,-0.00665614940226078,0.008520750567401954,0.9986075340607753,0.01962035241253809,right,-0.0016710758209228516,-0.05986141544272418,0.8340295152787118,-9.753490656742454,-0.030315683870230804,-0.007805781438946724,-0.004162423312664032,0.5866886392664163,-0.008422434329986572
1746738775984936200,34.03493627929687,0.0850969792642558,0.013265284709632397,0.04221017654131436,-0.0015369877219200134,0.008808665313154716,0.998603723582228,0.020207099798860192,right,-0.0008889436721801758,-0.06024351599503381,0.831996913472563,-9.753438049772381,-0.03051796808553467,-0.015379619784653187,-0.00554019957780838,0.5904289948385208,-0.006271973252296448
1746738776024936200,34.07493627929688,0.08485338051397026,0.0082012377679348,0.042079345061430365,0.0006696945056319237,0.009034093438051569,0.9986011037139761,0.020667239667716587,right,0.000410616397857666,-0.06062001973517137,0.8296020542252809,-9.753418760550021,-0.03071456469977939,-0.003113098442554474,-0.004938572645187378,0.5941145149508491,-0.007917340844869614
1746738776064936200,34.11493627929688,0.08482022710635076,-0.003268989734351635,0.04206115751739312,-0.002017632592469454,0.009094585246859683,0.9986017307367296,0.020785986989597372,right,-0.0029026269912719727,-0.06058760372669318,0.8292803479902445,-9.753464937779308,-0.03070072789220225,0.001184862107038498,-0.0050102174282073975,0.5937971926299854,-0.004894644021987915
1746738776104936400,34.1549365234375,0.08478008429705332,-0.01028791256248951,0.042045698898560406,0.002621919848024845,0.008947005443486863,0.9986039671066148,0.02048898995817573,right,-0.001223742961883545,-0.060583148912835366,0.8288890105850995,-9.753501178136467,-0.03069207815276246,0.00015828502364456654,-0.005690857768058777,0.5937535726839677,-0.006919838488101959
1746738776144936400,34.1949365234375,0.08498645922496854,-0.0046916925348341465,0.042155981797767854,0.005723772570490837,0.008763118032956992,0.998605330555129,0.020115601110356117,right,-0.0022734403610229492,-0.06031593698087998,0.8309153287809342,-9.753487734133005,-0.03055171335860329,0.013157968409359455,-0.005985856056213379,0.5911379102928563,-0.010689590126276016
1746738776184936200,34.234936279296875,0.08520090308419201,0.0043940762989223,0.04226821241533483,0.008206331171095371,0.008746011281860698,0.9986121955347872,0.020055629829556176,right,-0.002216041088104248,-0.059564160213902026,0.8330444497641175,-9.753749015417695,-0.0301760293349716,0.020006859675049782,-0.006273895502090454,0.5837787431690842,-0.011582430452108383
1746738776224936200,34.274936279296874,0.08542817376253552,0.004122742917388678,0.04238270135713499,0.005378963425755501,0.008852883293459235,0.998616582754309,0.0202470153267137,right,-0.0036777257919311523,-0.05887816344898347,0.8352951513003557,-9.753956520688533,-0.029838563857864688,0.010116520337760448,-0.005543045699596405,0.5770632077110931,-0.009146161377429962
1746738776264936200,34.31493627929687,0.0855564263830884,0.001400655135512352,0.04244620928246616,0.0024913796223700047,0.008926445771273998,0.9986170344609491,0.020386513937335152,right,-0.002706766128540039,-0.05860761973100314,0.8365594721477478,-9.754004451483487,-0.029707014595534514,0.0005006305873394012,-0.003436833620071411,0.574414665963687,-0.01082884892821312
1746738776304936200,34.35493627929687,0.0856126024582184,0.002254677703604102,0.042471899944682624,0.0006275606574490666,0.008973365193377466,0.9986132528950049,0.02048849392217322,right,-0.0028582215309143066,-0.05875460993171501,0.8371001548957079,-9.753872934058307,-0.029782822741992312,-0.009405871853232384,-0.004402287304401398,0.575853649258241,-0.0107298344373703
1746738776344936400,34.3949365234375,0.08563948948280556,0.004346477799117565,0.042479789630256365,0.00006501650204882026,0.009065876474983777,0.9986056019708727,0.02069307894338949,right,-0.0038177967071533203,-0.05918340478139544,0.8373411971099675,-9.753603469467162,-0.030001380786253532,-0.012886568903923035,-0.004156790673732758,0.5800513932090252,-0.010482586920261383
1746738776384936400,34.4349365234375,0.0855891320034185,0.003586636623367667,0.04244775864003196,-0.006168119143694639,0.009156772205493428,0.9985963402344673,0.020901328840018007,right,-0.004615306854248047,-0.05982603590336429,0.8368179769534617,-9.7532726300776,-0.03032642970459354,-0.014226100407540798,-0.00751553475856781,0.5863423100467771,-0.01048026978969574
1746738776424936200,34.47493627929688,0.08547314175147731,0.002747875638306141,0.04238796359580725,0.0038796640001237392,0.009160690220033062,0.9985945467474135,0.020917673244712214,right,-0.0026828646659851074,-0.06010509555052271,0.8356727524410933,-9.753205994582176,-0.030465577239870215,-0.0048570092767477036,-0.005619540810585022,0.5890740365656092,-0.009485229849815369
1746738776464936200,34.514936279296876,0.08559401250548379,-0.0046838498674333096,0.04244789725779681,0.005573886446654797,0.009114247438215253,0.9985883030002894,0.02084012880526913,right,-0.0030312538146972656,-0.06037828105855117,0.8368377776324748,-9.752944128775596,-0.030600881079353034,-0.009236902929842472,-0.003361813724040985,0.5917481876783073,-0.0065111927688121796
1746738776504936200,34.554936279296875,0.08576457337826279,-0.012732435017824173,0.04253673472352318,0.007016732357442379,0.008883816784223094,0.9985789375787971,0.020406127066138494,right,-0.002672553062438965,-0.06089394197554029,0.838475023445487,-9.752495800486207,-0.030849886053485206,-0.012635043822228909,-0.0029718875885009766,0.5967957899240777,-0.006116211414337158
1746738776544936200,34.594936279296874,0.08570773463768186,-0.009535576216876507,0.04251375654113557,-0.0042000748217105865,0.00860106998309542,0.9985744820830454,0.01986117644081155,right,-0.0023761391639709473,-0.061428921576056845,0.8378932049695402,-9.752223997807501,-0.031105152279663362,-0.009891942143440247,-0.0040609389543533325,0.6020323388706892,-0.009470675140619278
1746738776584936200,34.63493627929687,0.08560184010828809,0.008446668274700642,0.042459223152410595,-0.003245792118832469,0.008599570857406183,0.9985724815664098,0.019866938678066454,right,-0.0032567381858825684,-0.06170859853051175,0.8368461070694029,-9.752144502830506,-0.031244454181641363,-0.006626814603805542,-0.005168423056602478,0.604769837543182,-0.009048126637935638
1746738776624936400,34.6749365234375,0.08535876239996738,0.015138336457312107,0.04232673436153513,-0.01059833075851202,0.008916561574721493,0.9985717258494974,0.020503035979030793,right,-0.0017908811569213867,-0.061913555089937754,0.8344649840865284,-9.752223997807501,-0.03135920209735201,-0.0006675487384200096,-0.0070909857749938965,0.6067759532012045,-0.008506197482347488
1746738776664936200,34.71493627929687,0.08524264878827759,0.01071799173951149,0.04226000228409266,-0.0036035259254276752,0.00926188065595063,0.9985757644406905,0.02117782918925126,right,-0.0022724270820617676,-0.061606727563462645,0.8333484011467546,-9.752505737358332,-0.03121975373611151,0.008176876232028008,-0.005218863487243652,0.6037727527972311,-0.0062495507299900055
1746738776704936200,34.75493627929688,0.08507532360016992,-0.0032578986138105392,0.04217552783929975,-0.005419973284006119,0.009359450140550566,0.9985831318442198,0.021354871119731125,right,-0.002419710159301758,-0.061300279698922024,0.8317321981217711,-9.752828977963327,-0.031069709091307927,0.003185718320310116,-0.005727976560592651,0.60077316912245,-0.0059794411063194275
1746738776744936200,34.79493627929688,0.08503578709134431,-0.0030398042872548103,0.042158887223398354,0.00017984164878726006,0.009278394273779186,0.998586012789958,0.021187675335198792,right,-0.0014115571975708008,-0.06121573947151207,0.8313509437192231,-9.752912564593553,-0.031023790852934,0.0015489001525565982,-0.006555475294589996,0.5999456687897443,-0.009078539907932281
1746738776784936200,34.834936279296876,0.08512227011124962,0.002561872825026512,0.04220298483234034,0.00015455897664651275,0.009285812832324486,0.9985868365498928,0.021197499364119844,right,-0.0028252005577087402,-0.061035810699442285,0.8322035419605672,-9.752948220428824,-0.030934565077935895,0.004743469413369894,-0.0058877915143966675,0.5981844678035005,-0.010812059044837952
1746738776824936200,34.874936279296875,0.08522053187396156,0.0026072391774505377,0.04225115150691484,0.0022151139564812183,0.00938425617310633,0.9985888452913179,0.02138348599944132,right,-0.0021080374717712402,-0.06070474151122787,0.833178743668273,-9.753062786719202,-0.03077365446042317,0.006295429076999426,-0.004832357168197632,0.5949438053818419,-0.008517730981111526
1746738776864936400,34.9149365234375,0.08534019164178645,-0.004576682113111019,0.04231237742387639,0.0021406421437859535,0.0093915657298477,0.9985902398843248,0.02139040625211043,right,-0.0023834705352783203,-0.06043957692364767,0.8343591856244951,-9.753120069864393,-0.03064197059902026,0.001482602208852768,-0.004430510103702545,0.5923481993980705,-0.006250426173210144
1746738776904936200,34.954936279296874,0.08546296753440707,-0.009118802845478058,0.04237702647566079,0.006009330041706562,0.00924740990803176,0.9985866452979836,0.021112117334878257,right,-0.002339005470275879,-0.06059424871350458,0.8355487607352435,-9.752926008597015,-0.030713874955899254,-0.008934717625379562,-0.0037732794880867004,0.5938622572228313,-0.008186064660549164
1746738776944936200,34.99493627929687,0.0856313794950429,-0.004094977863132954,0.04246209263351673,0.0019188588485121727,0.00911589042137793,0.9985773031010681,0.020873641515892685,right,-0.002666950225830078,-0.06105201164113224,0.8371679594349115,-9.752513336142897,-0.030938141227095727,-0.010021287016570568,-0.005321279168128967,0.5983430558986962,-0.011151175945997238
1746738776984936200,35.03493627929687,0.08567074276328883,0.005137892439961433,0.04247914900539493,-0.0041626254096627235,0.00915934984560209,0.9985732097690767,0.02097001342327968,right,-0.004303872585296631,-0.06123981068269038,0.8375421995747834,-9.752368374714255,-0.031034130465569052,-0.004005889408290386,-0.005971670150756836,0.6001813041765243,-0.00885380432009697
1746738777024936200,35.07493627929688,0.08537133977433987,0.001706887735053897,0.04232645646463792,-0.017119187861680984,0.009265549070233452,0.9985785292690599,0.021173717219985427,right,-0.003479301929473877,-0.06124695884318113,0.8346219282139092,-9.752614458429813,-0.03104063848252201,0.005582128651440144,-0.007185481488704681,0.6002512641401961,-0.008916907012462616
1746738777064936200,35.11493627929688,0.08514569862134092,0.001391044119372964,0.04221503836439253,-0.0030874283984303474,0.009354785543629344,0.9985914752564027,0.02132015273047281,right,-0.004265308380126953,-0.06065806445371662,0.8324512331113219,-9.753152803090215,-0.03074865974939229,0.010455732233822346,-0.006372928619384766,0.5944868919271975,-0.005479156970977783
1746738777104936400,35.1549365234375,0.08498854896900063,-0.006435658782720566,0.04213955279864117,-0.007313610520213842,0.009320759878012496,0.9985992592582295,0.021235146401491645,right,-0.00394672155380249,-0.06037751445518479,0.8309326452419161,-9.753449740210176,-0.030606062476930814,-0.0006821565330028534,-0.004229329526424408,0.5917406984915956,-0.006882335990667343
1746738777144936400,35.1949365234375,0.08475436778574072,-0.006457410287111998,0.042026803861761226,-0.008433392271399498,0.009182168839846117,0.9986050966566997,0.020951570357277155,right,-0.0041585564613342285,-0.0604049128878473,0.8286471646532416,-9.75362743486464,-0.030612691863081614,-0.0018754162592813373,-0.006423518061637878,0.5920088844411074,-0.010179679840803146
1746738777184936200,35.234936279296875,0.08425698480785639,0.008960384875535965,0.04177608161380795,-0.010942359454929829,0.009226098373204457,0.9986123530260791,0.021032490049880465,right,-0.002024710178375244,-0.06059762230054285,0.8237861344881355,-9.75392495650649,-0.03070831385684847,-0.006652531214058399,-0.006216235458850861,0.5938952461769804,-0.010283410549163818
1746738777224936200,35.274936279296874,0.08403947353715255,0.013865484856069088,0.04165598031322739,-0.0030740508809685707,0.00953776054214375,0.9986094840552104,0.021662719659788943,right,0.0002468228340148926,-0.060898027710638125,0.8216495608508586,-9.75392554102838,-0.030870427549854706,-0.010814806446433067,-0.0077700987458229065,0.5968357931409031,-0.005035869777202606
1746738777264936200,35.31493627929687,0.08396162505739649,-0.002446603961288929,0.041610880751769434,0.0005505888257175684,0.009708938742630081,0.9986071851595845,0.022009245330039832,right,0.00017058849334716797,-0.06104211330698083,0.8208829603925347,-9.753903913718462,-0.030949209909309893,0.005164694041013718,-0.004660695791244507,0.5982461713954806,-0.0036074668169021606
1746738777304936200,35.35493627929687,0.08404955972780277,-0.027304574847221375,0.041667546030086794,0.006520688533782959,0.009356019079546193,0.9986129563532926,0.021293195586104874,right,-0.0011540055274963379,-0.06076007874762585,0.8217548478562384,-9.75399919078648,-0.03079390489653497,0.0124652199447155,-0.005138427019119263,0.5954854745104908,-0.004368573427200317
1746738777344936400,35.3949365234375,0.08413456081415695,-0.02857394516468048,0.041733212511269914,0.0061848778277635574,0.008711320761590485,0.9986251727079634,0.019981707756977187,right,-0.0018274188041687012,-0.06021935768172656,0.8226108801636844,-9.754248781633377,-0.03049696345395763,0.01759825460612774,-0.005981571972370148,0.5901925192015245,-0.00939531996846199
1746738777384936400,35.4349365234375,0.0844293526410231,-0.01021948829293251,0.041898929658322565,0.009923495352268219,0.008269989222410281,0.9986354846505874,0.01907031793991997,right,-0.002875208854675293,-0.05936078964549513,0.8255287403717636,-9.754507140308618,-0.030050475107022464,0.023585354909300804,-0.005535915493965149,0.5817878981454297,-0.012831095606088638
1746738777424936200,35.47493627929688,0.08471113651185168,0.002779434435069561,0.042049228157181096,0.005258283112198114,0.008172090452730082,0.9986470022194642,0.01883424302779959,right,-0.003313004970550537,-0.0582241058306591,0.8283327649418264,-9.754926827025413,-0.02947912245087117,0.027035696431994438,-0.003999851644039154,0.5706600992031395,-0.012421522289514542
1746738777464936200,35.514936279296876,0.08480342561417892,0.00015397951938211918,0.04210078683939145,0.0007721297442913055,0.00819229899944366,0.9986597053878012,0.018833510790299542,right,-0.004409670829772949,-0.05719530122940371,0.8292823207516222,-9.755430100372433,-0.028965786158248952,0.018203122541308403,-0.0038302764296531677,0.5605877641305327,-0.011501770466566086
1746738777504936200,35.554936279296875,0.08466568767207042,-0.007836638949811459,0.042039410595472816,-0.0034040319733321667,0.008092430614493818,0.9986742531907237,0.01859715955119994,right,-0.0001741647720336914,-0.05643623822789374,0.8279743799582123,-9.755965522423386,-0.028581234644608714,0.018977737054228783,-0.004224598407745361,0.5531558970967307,-0.013120949268341064
1746738777544936200,35.594936279296874,0.08465969535751858,-0.006580651272088289,0.04204335178302065,0.0035815834999084473,0.007965329912662121,0.9986833512680701,0.01831816010531558,right,-0.0039144158363342285,-0.055866236964564234,0.8279424504499882,-9.756282917809486,-0.028290728822626315,0.004382814280688763,-0.0030741989612579346,0.5475749186266213,-0.008928325027227402
1746738777584936200,35.63493627929687,0.0847485039163407,-0.009632816538214684,0.042090473217217005,0.002273968420922756,0.007787802484372636,0.9986774173810288,0.01798178450786125,right,-0.0032005906105041504,-0.05625619147209866,0.8287907378423959,-9.75599591756165,-0.028478719393671588,-0.013056476600468159,-0.002965189516544342,0.5513930521426722,-0.011459782719612122
1746738777624936400,35.6749365234375,0.08476081861999227,-0.009280857630074024,0.042099214456407866,-0.006859707646071911,0.007621931963418587,0.9986730652152045,0.01766616007200369,right,-0.003954946994781494,-0.056636100345992396,0.8288931022383272,-9.755776137331127,-0.02866182326391592,-0.005415478255599737,-0.005776174366474152,0.555112730252929,-0.010688208043575287
1746738777664936200,35.71493627929687,0.08444021335511752,-0.008317193016409874,0.04194295310828073,-0.008201375603675842,0.007485352685763493,0.9986803696908315,0.017385121172339646,right,-0.0009365677833557129,-0.05667566251613131,0.8257634259104728,-9.756019882959126,-0.028674460375055888,0.00342802656814456,-0.003726184368133545,0.5555000856027007,-0.0123673714697361
1746738777704936200,35.75493627929688,0.08446086262808998,-0.0030104657635092735,0.04195464073044568,-0.0010045897215604782,0.007431970227446581,0.9986799612477241,0.017279942202170162,right,-0.0024422407150268555,-0.05670234715123224,0.8259636246576905,-9.755987734255195,-0.02868565559374439,-0.008026480674743652,-0.004812292754650116,0.5557613668873905,-0.0074434056878089905
1746738777744936200,35.79493627929688,0.08444256363445049,0.0006957163568586111,0.04194326531112536,0.00044489616993814707,0.00742743173047686,0.9986742727650207,0.01728859760148379,right,-0.001412808895111084,-0.05713231307851688,0.825764887215197,-9.755763862371444,-0.02890046347556732,-0.010091353207826614,-0.0035395175218582153,0.5599710570042953,-0.00938371941447258
1746738777784936200,35.834936279296876,0.08436706667214336,-0.0031807655468583107,0.041903907642563076,-0.004277553874999285,0.007426586052081137,0.9986714657941883,0.017297867337570688,right,-0.003369450569152832,-0.05744199778193898,0.8250137035217135,-9.755652803212403,-0.029055010494051216,-0.008572657592594624,-0.004224792122840881,0.5630030451113358,-0.009191036224365234
1746738777824936200,35.874936279296875,0.08406891403932613,-0.0008273711428046227,0.04175281116873875,-0.00823451392352581,0.007399959424292197,0.998669786616351,0.01725973428325455,right,-0.0030341744422912598,-0.05800608100924309,0.8220781615264713,-9.755580322498082,-0.02933476940402415,-0.0181477852165699,-0.004898406565189362,0.5685256079250947,-0.011248674243688583
1746738777864936400,35.9149365234375,0.08370639004238885,0.005367651581764221,0.04156493225820192,-0.007856902666389942,0.0075166782205193985,0.9986672435512645,0.01750979322794991,right,-0.0011550188064575195,-0.05864597045211268,0.8185108974989503,-9.75551310248077,-0.02965813674293381,-0.01373144332319498,-0.005507372319698334,0.5747901116799563,-0.01104237511754036
1746738777904936200,35.954936279296874,0.08324484895828549,0.0027737729251384735,0.041328160505502996,-0.003398854285478592,0.007651574515417902,0.9986693640984888,0.017784734704864656,right,-0.0005917549133300781,-0.059087355218619554,0.8139870633989572,-9.755636436599492,-0.02988247775729484,-0.00861469004303217,-0.003747805953025818,0.5791111166842281,-0.00910564512014389
1746738777944936200,35.99493627929687,0.08280242695587307,-0.0050485460087656975,0.041105396927157783,-0.008220702409744263,0.007650473408621849,0.998673126146304,0.01778454526392018,right,-0.001820385456085205,-0.05945325377557676,0.8096533450435847,-9.755783736115694,-0.03006348378054434,-0.006945200264453888,-0.006392955780029297,0.5826930668242275,-0.007482662796974182
1746738777984936200,36.03493627929687,0.08243961451291881,-0.004446055740118027,0.04092779811548851,-0.00232552457600832,0.007520110839942256,0.9986801660077518,0.017516419893687237,right,0.001061856746673584,-0.05954640690603566,0.8061093157611787,-9.756022805568575,-0.030103124432645723,0.005740335211157799,-0.005446635186672211,0.5836049575047567,-0.009392853826284409
1746738778024936200,36.07493627929688,0.0824722210491129,0.0010579931549727917,0.04094762398826511,0.002673686482012272,0.007481279581376243,0.9986861536710991,0.01742187466263518,right,-0.0024987459182739258,-0.0591185584975643,0.8064479000657796,-9.756244339364766,-0.02988767238966511,0.011689921841025352,-0.006052263081073761,0.5794165659042075,-0.009714346379041672
1746738778064936200,36.11493627929688,0.08268561933778014,0.003724281210452318,0.04105486175552566,0.0064902594313025475,0.0075396739414272445,0.9986878890653623,0.017526487049373072,right,-0.0010331273078918457,-0.058668899519346035,0.8085513020858168,-9.75633084860444,-0.029666089737259763,0.007214125711470842,-0.005103796720504761,0.5750145680855959,-0.009167242795228958
1746738778104936400,36.1549365234375,0.08287395205234231,-0.0005728681571781635,0.041148481822305884,0.002753407694399357,0.0075800276397440325,0.9986859065340055,0.017606523765982193,right,-0.0019279122352600098,-0.058516175373441365,0.8103959801044315,-9.756265382152796,-0.029592186762382285,-0.0005858456715941429,-0.0037848129868507385,0.5735194341570139,-0.008113715797662735
1746738778144936400,36.1949365234375,0.08286702392528159,-0.002962525701150298,0.041144647805054856,0.0007760960143059492,0.007534452030778485,0.9986819172191441,0.017527907330669647,right,-0.0016764998435974121,-0.05882445757574583,0.8103137086484581,-9.756094701761008,-0.029744477175887508,-0.011394696310162544,-0.005121000111103058,0.57653743027132,-0.010009396821260452
1746738778184936200,36.234936279296875,0.08282217224607112,0.0016897369641810656,0.04111862731827887,-0.00024080160073935986,0.007559125058351907,0.9986750534978464,0.01759754235106554,right,-0.0025488734245300293,-0.0593415465300485,0.809851351833716,-9.755832251432537,-0.030003936916737875,-0.01206082571297884,-0.005359679460525513,0.5815994994338601,-0.009620465338230133
1746738778224936200,36.274936279296874,0.08272016631629385,0.00726289302110672,0.04106249250502404,-0.0065907081589102745,0.007691932170467956,0.9986728611586602,0.017869618493068475,right,-0.0033668875694274902,-0.059561835595246256,0.808845608857274,-9.755787243247031,-0.030119134576386895,-0.003938234411180019,-0.00599256157875061,0.5837559833480045,-0.008269518613815308
1746738778264936200,36.31493627929687,0.08243787452316374,0.0010383888147771358,0.04091805074969611,-0.008541533723473549,0.007820735567730748,0.9986783869023182,0.01811707965122935,right,-0.003637850284576416,-0.059514303800904604,0.806093825931102,-9.756042679312825,-0.03009937759529558,0.007025557570159435,-0.006795741617679596,0.583290703923814,-0.00806538388133049
1746738778304936200,36.35493627929687,0.08235166940917818,-0.0026821265928447247,0.04087805428072419,0.0036699045449495316,0.007814235820056584,0.9986874184797427,0.018081170947196037,right,-0.002987504005432129,-0.059024909289605375,0.8052762259379029,-9.756395730534196,-0.02985393750926689,0.006438820622861385,-0.006425522267818451,0.5784997798528522,-0.0046862587332725525
1746738778344936400,36.3949365234375,0.08252347105180476,-0.00760780181735754,0.04096862088834632,0.007772874087095261,0.007681606937830529,0.9986872595977214,0.017814167507728153,right,0.0001170039176940918,-0.058867680959321794,0.8069598681759089,-9.756347215217351,-0.02977062935133905,0.0020017833448946476,-0.004249840974807739,0.576960587586835,-0.006436292082071304
1746738778384936400,36.4349365234375,0.08291735665445929,-0.009166717529296875,0.041171534482125786,0.0069148605689406395,0.007480916551630903,0.9986817234511207,0.01742084577423768,right,-0.0023549795150756836,-0.05879216063607727,0.8108062414057552,-9.756072489929199,-0.029726336910274893,0.004297432489693165,-0.005460277199745178,0.5762212769942358,-0.009090963751077652
1746738778424936200,36.47493627929688,0.0831266722047119,-0.005086090881377459,0.04128376457491341,0.004978950601071119,0.007258453064643975,0.9986821402319535,0.01697253055292644,right,-0.003180861473083496,-0.058576330065510655,0.8128586438909172,-9.756026312699914,-0.02961009727022465,0.00308902096003294,-0.004334673285484314,0.5741083399608731,-0.010308459401130676
1746738778464936200,36.514936279296876,0.08331106222858967,0.0052193584851920605,0.0413757173129755,0.007132251281291246,0.007265703259009159,0.9986787366424139,0.0169911709922477,right,-0.001297295093536377,-0.05854421952116972,0.8146591174416243,-9.755894210752844,-0.029595117924990717,-0.0054446132853627205,-0.00546804815530777,0.573793976782076,-0.008802838623523712
1746738778504936200,36.554936279296875,0.08341384797472616,0.007053380832076073,0.041419955813110976,0.006032281555235386,0.007460627335276968,0.9986718382604206,0.017394102282712598,right,0.0022218823432922363,-0.05877097186480133,0.8156509780231863,-9.755680860263109,-0.029717060393208355,-0.0033688077237457037,-0.003220275044441223,0.5760138447886333,-0.010939028114080429
1746738778544936200,36.594936279296874,0.08374419369015317,-0.0005213208496570587,0.0415800991167199,0.006070275790989399,0.007596638584289162,0.9986623994861017,0.01768088774437168,right,-0.002758920192718506,-0.0588793379739161,0.818868478764966,-9.755348267307877,-0.02977836234815622,-0.0029878856148570776,-0.0042356401681900024,0.5770747154857963,-0.006325703114271164
1746738778584936200,36.63493627929687,0.08395877213660344,-0.013136491179466248,0.04169091152668415,0.0064067356288433075,0.0074318681015858295,0.9986561731960327,0.017365995854870385,right,-0.002068817615509033,-0.05908503663601338,0.8209517878450453,-9.755054252797365,-0.02987532090413587,-0.003179688472300768,-0.004844062030315399,0.5790884299283847,-0.007222592830657959
1746738778624936400,36.6749365234375,0.08432328072713603,-0.007492369040846825,0.041881151088972876,0.008627034723758698,0.007180549288103231,0.9986526974665006,0.01686678516419095,right,-0.002124488353729248,-0.0589248408267558,0.8245153255455195,-9.754846163004636,-0.02978623451924517,0.011461513116955757,-0.007060140371322632,0.5775201576983556,-0.010929297655820847
1746738778664936200,36.71493627929687,0.08474042396588304,0.0016319509595632553,0.04209484628282439,0.010890020057559013,0.007102202657506946,0.9986532460478421,0.016696735616589423,right,-0.002660691738128662,-0.05832479452119578,0.8286136277098208,-9.754844993960857,-0.029484540605343723,0.014528647065162659,-0.005654476583003998,0.5716458223048597,-0.010762959718704224
1746738778704936200,36.75493627929688,0.08518386471553425,0.0048142713494598866,0.04231667434547906,0.009666439145803452,0.007167889919694518,0.9986501074773411,0.016821409536149842,right,-0.0024228692054748535,-0.057858838947522355,0.8329618129819631,-9.754740949064493,-0.029256095117176754,0.006622434593737125,-0.004773333668708801,0.5670840673472732,-0.01000748947262764
1746738778744936200,36.79493627929688,0.085467801196062,-0.00032284948974847794,0.04245865255638888,0.006007548421621323,0.00718418168049518,0.9986459704334868,0.016856065673996723,right,-0.002308368682861328,-0.05771258950012636,0.8357385842189192,-9.754586635285616,-0.02918482639238868,-0.00037954235449433327,-0.003515094518661499,0.5656522444458678,-0.010316837579011917
1746738778784936200,36.834936279296876,0.08577553461016547,-0.0003973304992541671,0.042611524422716464,0.007119933143258095,0.007170160884125855,0.9986367232193267,0.016845389489432944,right,-0.0022815465927124023,-0.05790745216608013,0.8387308979026973,-9.754218971017002,-0.029282999490062824,-0.00661067059263587,-0.005215995013713837,0.5675600142959505,-0.01037716493010521
1746738778824936200,36.874936279296875,0.08600725955736137,0.006197533570230007,0.04272383083379271,0.00306125869974494,0.007233407619695005,0.9986275184091226,0.016990206781156664,right,-0.003092944622039795,-0.0581698444312582,0.8409783115033059,-9.753875856667756,-0.029417936859588573,-0.0038330769166350365,-0.005053579807281494,0.5701288784032688,-0.012102600187063217
1746738778864936400,36.9149365234375,0.08608140543658369,0.005787607282400131,0.042755500750866274,-0.00024777883663773537,0.007381909266659189,0.9986224099791459,0.017297126999665357,right,-0.0007767677307128906,-0.05833890794918103,0.8416932548396289,-9.753717451235651,-0.02950917954486845,-0.009115136228501797,-0.006120622158050537,0.5717839886665343,-0.010065555572509766
1746738778904936200,36.954936279296874,0.08593925947050401,-0.002476816065609455,0.042682681513365704,-0.0017581487772986293,0.007412845612730818,0.9986226400235979,0.01736254817320141,right,0.0009685158729553223,-0.058516107970025225,0.8402980741541832,-9.753735571414232,-0.02959852754513895,0.0003696931526064873,-0.003399267792701721,0.5735187765698879,-0.009937569499015808
1746738778944936200,36.99493627929687,0.08610904391592286,-0.00653842743486166,0.04276947659310056,0.003580899443477392,0.007337316462466427,0.9986191894749569,0.017217430729691285,right,-0.0008392333984375,-0.05854189026080705,0.8419527825586497,-9.753578335025907,-0.02960892616257739,-0.0032438798807561398,-0.004929877817630768,0.5737711804283783,-0.007626928389072418
1746738778984936200,37.03493627929687,0.08634841516438213,-0.010828024707734585,0.042892085878452106,0.008369731716811657,0.007191660458257447,0.9986121331484829,0.01694167726860575,right,-0.0014106035232543945,-0.05874592428376564,0.8442774261139333,-9.753259770596026,-0.029705763260931314,-0.00866627600044012,-0.0023608654737472534,0.5757686378559097,-0.007452387362718582
1746738779024936200,37.07493627929688,0.08651162503019155,-0.008088524453341961,0.04297766344803876,-0.0008223680779337883,0.006993786996891308,0.9986052164137282,0.016564145714074833,right,-0.004236400127410889,-0.059065556610966984,0.8458532971285283,-9.75293769903481,-0.029857831106479386,-0.008442609570920467,-0.0040408894419670105,0.5788977296618745,-0.009669091552495956
1746738779064936200,37.11493627929688,0.0863292063483247,0.008412242867052555,0.04288531262906182,-0.0051431674510240555,0.006978498245455768,0.9986043940455906,0.01654254246551619,right,-0.0024393200874328613,-0.05939870287433933,0.8440574266877025,-9.75289912059009,-0.030023065728176406,-0.006152143701910973,-0.0036683455109596252,0.5821590330127626,-0.010855916887521744
1746738779104936400,37.1549365234375,0.0861378114642248,0.018470168113708496,0.04277850708968571,-0.004849689081311226,0.0072891388870611135,0.9986010079341415,0.01717437002623112,right,-0.002867400646209717,-0.0597547304807466,0.8421729281153529,-9.752853527882694,-0.03021367542762123,-0.013126389123499393,-0.00464814156293869,0.585644281312637,-0.008814506232738495
1746738779144936400,37.1949365234375,0.0858162609580744,0.016297169029712677,0.04260693774400905,-0.000928918831050396,0.007616413063438355,0.9986021819952723,0.01782959049444501,right,0.00019216537475585938,-0.05997434467265714,0.8390257891960442,-9.75299556670189,-0.030336115054096443,-0.0017935940995812416,-0.004811793565750122,0.5877941162902861,-0.008373130112886429
1746738779184936200,37.234936279296875,0.08560797661561317,0.0029706954956054688,0.04249825436771952,-0.0034710748586803675,0.007778696835188822,0.9986057617457259,0.01814719131849119,right,-0.002513408660888672,-0.05994899846393866,0.8369956716079264,-9.753184951794147,-0.03032941578879617,-0.0006629538256675005,-0.004414640367031097,0.5875459867481142,-0.006221335381269455
1746738779224936200,37.274936279296874,0.08543788605345877,0.0018774711061269045,0.04241415427224352,-0.0003052768297493458,0.0077342904197563655,0.9986081653744511,0.01805754613214581,right,-0.0018746256828308105,-0.06005262194008797,0.8353315377879887,-9.753266200336814,-0.030378592186233302,-0.0006005080649629235,-0.0053425133228302,0.588560351422429,-0.009374886751174927
1746738779264936200,37.31493627929687,0.08546734534346544,0.004306534770876169,0.042429807596290565,0.0004215404624119401,0.007744635127964923,0.9986107521775908,0.018069722605626237,right,-0.001169741153717041,-0.05983328377942451,0.8356297900822013,-9.753370245233178,-0.030269449858430553,0.009497996419668198,-0.0060638487339019775,0.5864132563911378,-0.01110333576798439
1746738779304936200,37.35493627929687,0.0855498370423931,0.00500044971704483,0.04247109753400631,0.0029466040432453156,0.007834361743855624,0.9986155577317206,0.01823084124191652,right,-0.0019797682762145996,-0.05934375807769427,0.8364587882522493,-9.753585933810472,-0.03002877333152237,0.009100238792598248,-0.0041034892201423645,0.5816211632763967,-0.008766036480665207
1746738779344936400,37.3949365234375,0.08567779294037671,0.0008303658105432987,0.04253445668240773,-0.0003081283066421747,0.007893226578963157,0.9986156115235608,0.018343035525908272,right,-0.004054903984069824,-0.05912244850181868,0.8377178484026342,-9.753606976598501,-0.029921162177893774,-0.0019814707338809967,-0.004605293273925781,0.5794546694248914,-0.00858674943447113
1746738779384936400,37.4349365234375,0.08558481334302448,0.0003661823575384915,0.04248761721088977,-0.0022007315419614315,0.00787749335082016,0.9986154301310189,0.018315555401337072,right,-0.0013999342918395996,-0.05928061679710052,0.8368030716452747,-9.753592948073148,-0.02999918304890207,-0.00538434274494648,-0.004670888185501099,0.5810030313780531,-0.011799097061157227
1746738779424936200,37.47493627929688,0.08553018904146714,0.0056261406280100346,0.042456652997947056,-0.001952348044142127,0.007946739821420828,0.998611912749398,0.018464552985794497,right,-0.002449929714202881,-0.059558196323878064,0.8362565436784177,-9.75347779726088,-0.030140725919205046,-0.00966467522084713,-0.0057972148060798645,0.5837203640453517,-0.010488193482160568
1746738779464936200,37.514936279296876,0.08537089973055692,0.0075721219182014465,0.042370305886223786,-0.004238535650074482,0.00811455535284484,0.9986094035239838,0.01880893033452228,right,-0.002329528331756592,-0.059862643252381886,0.834687686926499,-9.753433373597264,-0.030299398596631045,-0.003003042656928301,-0.005996681749820709,0.5867006584977731,-0.010435547679662704
1746738779504936200,37.554936279296875,0.08513179485146798,0.008124546147882938,0.04224500918590772,-0.0028267470188438892,0.008302562003135238,0.9986122329826609,0.019180419513061188,right,-0.000500023365020752,-0.05991413706730582,0.8323529603686183,-9.753602300423383,-0.030331984452048787,-0.00030339788645505905,-0.0070332810282707214,0.5872047355623915,-0.00975549966096878
1746738779544936200,37.594936279296874,0.08492299578180519,-0.003965433686971664,0.042142558079755144,0.00602541072294116,0.008271708350145117,0.9986188057290923,0.019106844378299785,right,0.0019453763961791992,-0.059786946952998785,0.8303227697152644,-9.7538507222265,-0.0302660619877707,0.005143290851265192,-0.00466560572385788,0.585959667404741,-0.009215779602527618
1746738779584936200,37.63493627929687,0.08518675551992952,-0.013545294292271137,0.04227971372069131,0.007887538522481918,0.008070991446864248,0.9986135795937806,0.018716474717701083,right,-0.0013910531997680664,-0.05987149901385576,0.8328911588985473,-9.753581842157244,-0.030301117410809306,-0.003897192422300577,-0.004399210214614868,0.5867873504005372,-0.007991444319486618
1746738779624936400,37.6749365234375,0.08548945732940046,-0.017822301015257835,0.0424377858027639,0.010013215243816376,0.0077423775987493755,0.9986022119345657,0.018089003127691926,right,-0.0015888810157775879,-0.060370711518189096,0.8358184445220976,-9.753035898712277,-0.030538278797906396,-0.014712469652295113,-0.0027628764510154724,0.5916740995287895,-0.007837776094675064
1746738779664936200,37.71493627929687,0.08573553914792512,-0.015191330574452877,0.042566828230595107,0.0021579815074801445,0.007397518186106507,0.998588212472719,0.01743826606761028,right,-0.003871142864227295,-0.06112199443180954,0.8381802052173764,-9.752384741327166,-0.030900485780678492,-0.02014535665512085,-0.004370063543319702,0.5990280790207907,-0.00936683639883995
1746738779704936200,37.75493627929688,0.08572786414889909,0.001232643611729145,0.04256340043798997,0.0008377005578950047,0.0072658798947513965,0.998579321370015,0.017202585430453655,right,-0.001865684986114502,-0.061775598908290916,0.838071630276367,-9.751998956879973,-0.031221774068355766,-0.009587840177118778,-0.004556469619274139,0.6054256345707922,-0.010579831898212433
1746738779744936200,37.79493627929688,0.08578541623280811,0.011466961354017258,0.04258483391980405,-0.001786888693459332,0.007448948951599608,0.9985725877089044,0.017582719350706225,right,-0.002338588237762451,-0.06204590313707928,0.8386188158303499,-9.751787359955907,-0.03136503367587144,-0.00919854175299406,-0.00529276579618454,0.6080713633066043,-0.006346803158521652
1746738779784936200,37.834936279296876,0.08576764055040904,0.0055357408709824085,0.04256832215593504,0.003253794275224209,0.007673012906111075,0.9985697050237556,0.01803540016300683,right,-0.0020207762718200684,-0.06214940302393267,0.8384400982625781,-9.751739429160953,-0.03142627691710608,0.0008532842621207237,-0.005358651280403137,0.6090843762740492,-0.0053060464560985565
1746738779824936200,37.874936279296875,0.08580245132770328,-0.0028159511275589466,0.04258647369931835,0.003804480656981468,0.007700426098115446,0.9985731074438282,0.01807922074020947,right,-0.00189208984375,-0.06186750889913014,0.838794245462492,-9.751880883458256,-0.031286601223112755,0.004659684374928474,-0.006561212241649628,0.6063252502916381,-0.005478657782077789
1746738779864936400,37.9149365234375,0.08597071108804694,-0.0077324821613729,0.04267632689656946,0.008899988606572151,0.0075571636716923775,0.998574441127287,0.017786786816700394,right,-0.0022054314613342285,-0.06161868069587655,0.8404480040188879,-9.751889651286602,-0.031156775385770434,0.00372705259360373,-0.005446814000606537,0.6038897302404046,-0.007381502538919449
1746738779904936200,37.954936279296874,0.08632956289497502,-0.002766525838524103,0.042859404101573725,0.006253940984606743,0.007450772704092832,0.9985695879733314,0.017579104929647378,right,-0.0030837655067443848,-0.061485419878385524,0.843954331639409,-9.75166753296852,-0.031087146458543456,0.004059318453073502,-0.007273636758327484,0.6025853696435689,-0.011052548885345459
1746738779944936200,37.99493627929687,0.08657098516722182,0.004457972943782806,0.042980667261265884,0.004493619315326214,0.007477285590011044,0.9985686116133152,0.017627069494133056,right,-0.0034775137901306152,-0.06119508802509671,0.8463236911192535,-9.751637137830256,-0.03094412222417326,0.006070508621633053,-0.005311168730258942,0.5997435338137671,-0.010147038847208023
1746738779984936200,38.03493627929687,0.08676940839601917,0.0023758767638355494,0.04307824470906189,0.0023990815971046686,0.007559618621058985,0.998566742401576,0.017789392671496814,right,-0.003220081329345703,-0.06099527193270673,0.8482689799681306,-9.751588037991523,-0.030848597886626663,0.001675567589700222,-0.005207479000091553,0.5977876505056395,-0.008566595613956451
1746738780024936200,38.07493627929688,0.08684939475603397,0.001756191486492753,0.04311590510399095,-0.00041156052611768246,0.007616781467433483,0.9985633157521806,0.01790990876165158,right,-0.0017200708389282227,-0.06107658196008206,0.8490447866462171,-9.751471718135475,-0.0308920947206615,-0.004535724874585867,-0.0061742812395095825,0.598583550123684,-0.008905734866857529
1746738780064936200,38.11493627929688,0.08697083779763012,0.005915161222219467,0.04317229272855767,0.002516017993912101,0.007712721708365015,0.9985567747014887,0.01811493485980556,right,-0.0016145110130310059,-0.06128466589017928,0.8502181412745267,-9.751244339120387,-0.03100087253817384,-0.0096980519592762,-0.00534994900226593,0.6006203531809151,-0.010032173246145248
1746738780104936400,38.1549365234375,0.08706944560309648,0.011108496226370335,0.04321336194103811,0.0014034186024218798,0.007912443976520071,0.9985481423784273,0.018532075173640174,right,-0.002960681915283203,-0.06160524198259897,0.8511629478439688,-9.750968444788455,-0.03117031914450223,-0.007606938946992159,-0.0058420076966285706,0.6037582128152251,-0.010327700525522232
1746738780144936400,38.1949365234375,0.08702810903920352,0.012886973097920418,0.043182084259547976,0.0009361589909531176,0.00820643116725798,0.99854294047156,0.019130205217140938,right,-0.00022840499877929688,-0.061846847307533495,0.850747133584693,-9.750857970151305,-0.03130369572379984,-0.002610154449939728,-0.006800360977649689,0.6061230057178065,-0.010111205279827118
1746738780184936200,38.234936279296875,0.0869368358267876,0.001044449396431446,0.043134326001187634,0.012334050610661507,0.008326972407978212,0.9985477579452082,0.0193578379105154,right,0.0028936266899108887,-0.06159704750607661,0.849870277684927,-9.751085933688282,-0.031183515862468227,0.010714691132307053,-0.0037737637758255005,0.6036779871858656,-0.0079268217086792
1746738780224936200,38.274936279296874,0.08742913228072056,-0.013016789220273495,0.04338502369362652,0.014584331773221493,0.008204324455253391,0.9985413105691623,0.019118104006440175,right,-0.0016365647315979004,-0.06138238563705458,0.8546819157503545,-9.750795426309109,-0.031073194368066038,0.0015704892575740814,-0.002880096435546875,0.601576850188151,-0.005534213036298752
1746738780264936200,38.31493627929687,0.08793134951741437,-0.020659301429986954,0.04364669665967917,0.017801743000745773,0.0078021801979102174,0.9985301543312871,0.018338208704068663,right,-0.0015842318534851074,-0.06160702615815872,0.8595669113129377,-9.750230193641782,-0.03117038641898009,-0.006911144591867924,-0.0015007928013801575,0.6037756754066794,-0.008679423481225967
1746738780304936200,38.35493627929687,0.08829886145533261,-0.00972573459148407,0.043838778752062026,0.0057273078709840775,0.007439539426682163,0.9985180458348218,0.017642887305274683,right,-0.0046839118003845215,-0.06204706924652829,0.863126649621129,-9.749648009839653,-0.03137627103858011,-0.009349660016596317,-0.004385106265544891,0.6080827614834532,-0.011900350451469421
1746738780344936400,38.3949365234375,0.08838108931530055,0.01132146455347538,0.043877480381226804,0.002851608209311962,0.007437873010927676,0.9985099300434864,0.01766027715827124,right,-0.004496455192565918,-0.06245485114086351,0.8639064018219709,-9.749328860887884,-0.031580540878420535,-0.011809214018285275,-0.004518583416938782,0.6120739865440875,-0.010035168379545212
1746738780384936400,38.4349365234375,0.08841221767877767,0.019476979970932007,0.04387940435943886,-0.0006700921803712845,0.007794291157717751,0.9985005044852118,0.018392447927393404,right,-0.001687169075012207,-0.06284306814365766,0.8641888720251619,-9.749064656993745,-0.03179053485124868,-0.007224550936371088,-0.004576362669467926,0.6158735980227589,-0.00926847755908966
1746738780424936200,38.47493627929688,0.0882923296612127,0.010393951088190079,0.04381119659168253,-0.0025148517452180386,0.00810620625650093,0.9985045245016873,0.01900240397652864,right,-0.0026932358741760254,-0.06259587899652984,0.863033418379724,-9.74931950853765,-0.031680023970030016,0.010012822225689888,-0.003556467592716217,0.6134543349865824,-0.006640009582042694
1746738780464936200,38.514936279296876,0.08814405061508929,-0.004529209807515144,0.04373982297349524,-0.0054449886083602905,0.00810484917123455,0.9985141249643062,0.018976626455995106,right,-0.002574443817138672,-0.062182471565726594,0.8616100345131009,-9.749699447765947,-0.03147247194614993,0.005268346983939409,-0.004586823284626007,0.6094080552704632,-0.00584188848733902
1746738780504936200,38.554936279296875,0.08803364557241893,-0.002608023351058364,0.043690677727563215,0.0021248399280011654,0.007974083751556504,0.9985222233538832,0.01869803086125117,right,-0.0013663768768310547,-0.061884811997474705,0.8605495656747371,-9.749974757575988,-0.03131733275007609,0.008510412648320198,-0.004849448800086975,0.6064946155091747,-0.01050175353884697
1746738780544936200,38.594936279296874,0.08811998384224759,0.004608026705682278,0.04373645647237231,0.0023900317028164864,0.007981999242814071,0.9985277538084243,0.018694830118805357,right,-0.00327301025390625,-0.061394400868300905,0.8614174345504492,-9.7501951223284,-0.03107277084718823,0.014990655705332756,-0.005113497376441956,0.6016944486858323,-0.011764712631702423
1746738780584936200,38.63493627929687,0.08818725501424035,0.004364692606031895,0.043769747293648395,0.000012352131307125092,0.008098366823685565,0.998533870177968,0.018905446409762244,right,-0.0036623477935791016,-0.06084144992889652,0.8621024942051618,-9.750467509528994,-0.030801583051483544,0.009693956933915615,-0.00354708731174469,0.5962819951830431,-0.007917281240224838
1746738780624936400,38.6749365234375,0.08817613908815704,0.0005667987279593945,0.043764477173543065,-0.0007876646122895181,0.008119066346585822,0.998536179671275,0.018939908618720594,right,-0.004208266735076904,-0.0606915910743019,0.8620019564401358,-9.75056570920646,-0.030727475531056987,-0.0006741499528288841,-0.004018120467662811,0.5948151009682565,-0.0075951628386974335
1746738780664936200,38.71493627929687,0.0879536010741515,0.000497187371365726,0.043654399571289956,-0.006344103720039129,0.008069136966127596,0.9985399816294344,0.018837530702743483,right,-0.0033546090126037598,-0.06079261128038108,0.8598268043581396,-9.75069722663164,-0.030774771345312035,-0.0003575851733330637,-0.005212634801864624,0.5958039293425157,-0.009907081723213196
1746738780704936200,38.75493627929688,0.08767844269714964,0.008728660643100739,0.043514679549457196,-0.007571975700557232,0.00817350420604474,0.9985470238245786,0.019032690768207704,right,-0.004006445407867432,-0.060670352709345655,0.8571501324947923,-9.751005854189396,-0.030716867990020012,0.0024556024000048637,-0.004422739148139954,0.5946071938386187,-0.01020108163356781
1746738780744936200,38.79493627929688,0.08731651817671496,0.0108801806345582,0.043328045445779534,-0.013894667848944664,0.008410163512299954,0.998555817664793,0.019487225332068026,right,-0.003341376781463623,-0.060480805874970886,0.8536307261969893,-9.751427878993749,-0.03063060222846484,0.006017918698489666,-0.005129046738147736,0.592751775230281,-0.009679324924945831
1746738780784936200,38.834936279296876,0.08674356635634933,0.010462889447808266,0.04303617691607671,-0.01186993159353733,0.008668310211994762,0.9985704707764741,0.019973899193922947,right,0.00013560056686401367,-0.06018821455541191,0.8480584790226071,-9.752087804207205,-0.030492581611895376,0.005347791127860546,-0.0063807666301727295,0.5898876545034348,-0.010288935154676437
1746738780824936200,38.874936279296875,0.08615408187456118,0.006282004527747631,0.04274007728192535,-0.0037079649046063423,0.00881581401755852,0.998587675350386,0.020234580879885986,right,0.0013127923011779785,-0.0598024431291782,0.8423292146556078,-9.752812026828527,-0.030302988197324576,0.008833130821585655,-0.004645876586437225,0.5861113508351147,-0.010539144277572632
1746738780864936400,38.9149365234375,0.08597147728233313,0.0012207920663058758,0.042646852035645416,-0.002998034004122019,0.008902535191801396,0.9985920132029017,0.02039935782739096,right,-0.0011897087097167969,-0.059724661632783484,0.8405521950457244,-9.75301076427102,-0.030266861093438433,-0.007659196853637695,-0.004579782485961914,0.5853499380085617,-0.007983189076185226
1746738780904936200,38.954936279296874,0.08590479892365013,-0.0052589960396289825,0.042612662085940826,0.0011078454554080963,0.008854778882887732,0.9985882971531522,0.020317831242545516,right,-0.001031339168548584,-0.06009759587218681,0.8398830636125058,-9.752848851707578,-0.03045102672451118,-0.01071636937558651,-0.003220506012439728,0.5890006060032174,-0.008494175970554352
1746738780944936200,38.99493627929687,0.08582557189457468,-0.006139369215816259,0.042572724396521204,-0.005364890675991774,0.008743803783781038,0.9985819058197567,0.02011912678569427,right,-0.004237055778503418,-0.06069828736615514,0.8390798574708401,-9.752561266937851,-0.030746360097653892,-0.018187765032052994,-0.004499323666095734,0.5948806404851377,-0.008098196238279343
1746738780984936200,39.03493627929687,0.0855188454652777,0.005506965797394514,0.04241485338243367,-0.006706709042191505,0.008736226161322833,0.998576243827484,0.020129196536520504,right,-0.0023894309997558594,-0.06150331768986681,0.8360472848419099,-9.752337395054102,-0.031147167065967155,-0.017992323264479637,-0.00559978187084198,0.6027605435473844,-0.011135846376419067
1746738781024936200,39.07493627929688,0.08528678995141738,0.020472202450037003,0.042285873638443446,-0.006781346630305052,0.009052763440787334,0.998570406960613,0.020778077209556992,right,-0.0018815994262695312,-0.062018425117865324,0.8337576395347714,-9.752220490676164,-0.03141705561797596,-0.009353093802928925,-0.005527503788471222,0.6078024101721122,-0.009944319725036621
1746738781064936200,39.11493627929688,0.08502261003148903,0.01427782978862524,0.042143446408325916,-0.0031339284032583237,0.009389309091755064,0.9985727480931513,0.021444243975892934,right,-0.003703474998474121,-0.06202836756379402,0.8311807747840881,-9.75243442568779,-0.03143486297978585,0.0030931811779737473,-0.005428865551948547,0.607899733066745,-0.006592702120542526
1746738781104936400,39.1549365234375,0.08468955187463643,-0.0031918371096253395,0.04197693906617038,-0.006903650239109993,0.009465543864088571,0.9985837237012579,0.02157359594649823,right,-0.0024527907371520996,-0.06172745064706124,0.8279480034079402,-9.752892690849304,-0.03128577301762829,0.009194755926728249,-0.006593324244022369,0.6049543637972324,-0.005909305065870285
1746738781144936400,39.1949365234375,0.08448998839461742,-0.0030475417152047157,0.04188487711178131,0.0017440281808376312,0.009346630496827067,0.9985976864561341,0.02130507384483932,right,-0.0008629560470581055,-0.0611615331617287,0.8260304062835871,-9.753397133240103,-0.030996653896056343,0.016903812065720558,-0.006898060441017151,0.5994151055769994,-0.010626215487718582
1746738781184936200,39.234936279296875,0.08461628194212378,-0.0002258701715618372,0.041953392209565656,0.0035844603553414345,0.009304919201276272,0.9986051896894161,0.021198130719906925,right,-0.002773284912109375,-0.060520954414193105,0.8272945079352706,-9.753673612093925,-0.030675166611664084,0.010014981031417847,-0.006141155958175659,0.593144793135859,-0.009423285722732544
1746738781224936200,39.274936279296874,0.08482585533886183,-0.00121624197345227,0.04206001624905887,0.00534801883623004,0.00927654464841958,0.9986038150829197,0.021139860237012593,right,-0.0037932991981506348,-0.060336660845961766,0.8293478602685034,-9.753608730164169,-0.0305829000589979,0.0014698468148708344,-0.005919516086578369,0.5913407759211957,-0.010569911450147629
1746738781264936200,39.31493627929687,0.08492887954117433,-0.004109186120331287,0.0421127205725982,0.0016877858433872461,0.009232188648073071,0.9986019456206318,0.021054477841935107,right,-0.0022602081298828125,-0.06034363409794408,0.8303523611359298,-9.753519298315048,-0.03058506149717674,-0.0038114236667752266,-0.004884824156761169,0.5914090553844348,-0.011434517800807953
1746738781304936200,39.35493627929687,0.08504243498643375,-0.0033931038342416286,0.04216964132137091,0.002955786883831024,0.009150466958427172,0.9985951619095311,0.020908922158013547,right,-0.0033055543899536133,-0.06068515614345229,0.8314427136559038,-9.753222945716976,-0.03075303273311548,-0.01377956010401249,-0.004654839634895325,0.5947520822020247,-0.008321493864059448
1746738781344936400,39.3949365234375,0.08518614082145065,0.0022983639501035213,0.042237003103910375,0.00480871694162488,0.0091421152860511,0.998581502018441,0.02092671657980339,right,-0.0026130080223083496,-0.061386079972916965,0.832808595181629,-9.752685770100355,-0.031104023652397367,-0.01906411349773407,-0.00561843067407608,0.6016130174800753,-0.00971367210149765
1746738781384936400,39.4349365234375,0.085310181938494,0.0054953573271632195,0.042293136796417996,-0.001126099843531847,0.009208861299321568,0.9985697387618688,0.021088135512742162,right,-0.0038187503814697266,-0.06194119357661998,0.8339897677902132,-9.75224796320498,-0.03138515698399384,-0.010753056965768337,-0.007090218365192413,0.6070464772382751,-0.009251054376363754
1746738781424936200,39.47493627929688,0.08518059329332256,0.004091007634997368,0.042222629893069664,-0.0081595778465271,0.009355362024888684,0.9985680933688911,0.02138564494908933,right,-0.004668772220611572,-0.06213126871934472,0.8327161676578223,-9.752240948942303,-0.031485743767515534,0.0013538887724280357,-0.006795145571231842,0.6089069008152932,-0.009275838732719421
1746738781464936200,39.514936279296876,0.08511124564396938,-0.002563285641372204,0.0421894563031169,0.0020540067926049232,0.009371656095803697,0.9985739423896317,0.02140367713253823,right,-0.003757655620574951,-0.06184191750400368,0.8320547811396419,-9.752473588654398,-0.03134133300585103,0.0025405031628906727,-0.006229475140571594,0.6060747826619073,-0.005475960671901703
1746738781504936200,39.554936279296875,0.08505933500535591,-0.007207241374999285,0.04216845178600424,-0.0011069541797041893,0.009256658144436108,0.9985791094385819,0.021163423544921994,right,-0.0024007558822631836,-0.061648349282817434,0.8315584489900618,-9.752633747652173,-0.0312393803912613,0.004382262006402016,-0.004920534789562225,0.6041801280217245,-0.006688997149467468
1746738781544936200,39.594936279296874,0.08499434997759067,-0.005070848390460014,0.042140890137145545,-0.002409167354926467,0.009116988569182811,0.9985829192783581,0.0208784795043996,right,-0.0024217963218688965,-0.061574240475385615,0.8309284805234521,-9.75273194732964,-0.031196074980387806,-0.0005387463606894016,-0.005266495048999786,0.6034547363566234,-0.006959997117519379
1746738781584936200,39.63493627929687,0.08483479501254411,0.001073889434337616,0.04206251044993183,-0.0013170705642551184,0.009034377621481257,0.9985837505131351,0.020717096359809443,right,-0.002767801284790039,-0.06178605661209037,0.8293615234676748,-9.752737208026646,-0.03129771025099476,-0.008467607200145721,-0.005037136375904083,0.6055279989667236,-0.009442195296287537
1746738781624936400,39.6749365234375,0.08463532006276005,0.02115243300795555,0.04195284916238295,-0.010387134738266468,0.00928163582503305,0.9985800372919889,0.021221613966585753,right,-0.0019738078117370605,-0.06215055848055384,0.8273973837878554,-9.752681678447127,-0.03148938221490395,-0.009439630433917046,-0.007128424942493439,0.6090957013856619,-0.010173879563808441
1746738781664936200,39.71493627929687,0.08403730806614096,0.03081352263689041,0.04163471489945003,-0.01659175381064415,0.009908538071339323,0.998586460714649,0.02245877365452503,right,0.0014739632606506348,-0.06216096121082899,0.8215645129159093,-9.753168585181236,-0.03151755918552514,0.0031402576714754105,-0.004073828458786011,0.6091975177923217,-0.009082984179258347
1746738781704936200,39.75493627929688,0.08369858662416019,0.019704634323716164,0.04144741938109364,-0.010088696144521236,0.010548677540511597,0.9985910298712752,0.02371924901003704,right,-0.0023015737533569336,-0.0619024222780359,0.8182739469379187,-9.753602884945273,-0.03141292321637359,0.0032507572323083878,-0.0056664347648620605,0.6066669764013961,-0.003060154616832733
1746738781744936200,39.79493627929688,0.08355387363646902,-0.002050437033176422,0.041369975270993856,0.00203794427216053,0.010750443304095724,0.9985942099016496,0.024112537561271692,right,-0.0002161264419555664,-0.06175399440243538,0.8168699984241277,-9.753810974738002,-0.031346187484508195,0.002817327156662941,-0.005271144211292267,0.6052141837771982,-0.0030043236911296844
1746738781784936200,39.834936279296876,0.0839711661532246,-0.012487172149121761,0.041586412851300644,0.015969637781381607,0.010567013372925961,0.9985927374882289,0.02374344332474301,right,-0.0011380910873413086,-0.0614044183259195,0.8209577791944146,-9.753679457312822,-0.03116622224373261,0.013930735178291798,-0.006611250340938568,0.6017925022328272,-0.007775489240884781
1746738781824936200,39.874936279296875,0.08471262627374429,-0.014102012850344181,0.04196993110856542,0.02068110555410385,0.010265285981253846,0.9985893885089664,0.023136616838482952,right,-0.0019037723541259766,-0.06080408178135147,0.8282199522171169,-9.753425774812698,-0.030857672471048616,0.01760593056678772,-0.005672253668308258,0.5959161940779537,-0.009270716458559036
1746738781864936400,39.9149365234375,0.08540894983914182,-0.009649510495364666,0.04233032164208225,0.01498371921479702,0.010003166267072075,0.9985879883803273,0.022602454874246926,right,-0.003474712371826172,-0.06009146546512395,0.8350473140191287,-9.753267369380593,-0.03049414889067108,0.01785191334784031,-0.004790991544723511,0.5889405829116702,-0.011100277304649353
1746738781904936200,39.954936279296874,0.08583489141044653,-0.008136149495840073,0.04255337666726141,0.011595893651247025,0.009796381357243828,0.9985903638949317,0.022174248696546717,right,-0.0026650428771972656,-0.059466217047116056,0.8392330022059381,-9.753276137208937,-0.030174992630137877,0.010019735433161259,-0.002903088927268982,0.5828199446069077,-0.0104181207716465
1746738781944936200,39.99493627929687,0.08609693252194087,-0.002649302128702402,0.04269003085981742,0.0027740485966205597,0.009665223507839148,0.998590323701501,0.021906806904770666,right,-0.0051340460777282715,-0.05917421490494775,0.8418032910853623,-9.753224699282645,-0.030024777406905068,0.0009271781891584396,-0.0040559470653533936,0.5799614133706316,-0.01112927496433258
1746738781984936200,40.03493627929687,0.0860306342502086,0.004886789713054895,0.042656750493547675,-0.002798960078507662,0.009700684055381438,0.9985932614313499,0.021970339949919596,right,-0.002180337905883789,-0.059047513309732305,0.841163020420447,-9.753353878620267,-0.029962552484613672,0.00492470059543848,-0.0031058266758918762,0.5787210944533348,-0.012598522007465363
1746738782024936200,40.07493627929688,0.0858051279532603,0.00940030999481678,0.04254027296213794,-0.008361522108316422,0.009880027809489395,0.9985993635975753,0.022313934939866158,right,-0.0021285414695739746,-0.05884337150894268,0.8389736206173897,-9.753660752612351,-0.029866841386654082,0.002212844556197524,-0.005552060902118683,0.5767226141124964,-0.013350706547498703
1746738782064936200,40.11493627929688,0.08537829721140862,0.0030210912227630615,0.042325289284639744,-0.0006367722526192665,0.010003282215844024,0.9986106774513289,0.022537859006844886,right,0.0015295147895812988,-0.0586072847937391,0.8348219808306544,-9.754153504565357,-0.02975159622870481,0.005509816110134125,-0.003391675651073456,0.5744113780280575,-0.012083552777767181
1746738782104936400,40.1549365234375,0.08543484694058875,-0.0020923218689858913,0.04235097292132512,0.004677570424973965,0.01005106458518417,0.998606654564615,0.022642109970690327,right,-0.001123666763305664,-0.05876673693002079,0.8353657323185354,-9.754014972877503,-0.029833699677548873,-0.011864671483635902,-0.004762530326843262,0.5759723802670836,-0.008742574602365494
1746738782144936400,40.1949365234375,0.08561249308003212,-0.005697125568985939,0.04243630147561715,0.007495827041566372,0.010004879369838973,0.99859341509427,0.022584069888970718,right,-0.0010423064231872559,-0.059442084129839146,0.8370650105170905,-9.7534766282171,-0.030170550144096846,-0.019543631002306938,-0.00424591451883316,0.582583724698238,-0.008170127868652344
1746738782184936200,40.234936279296875,0.0857985648214567,-0.008468728512525558,0.04252819383521045,0.003268209286034107,0.009844544623275433,0.9985784060939049,0.02230496659278458,right,-0.002863585948944092,-0.060283487038882345,0.8388375731475651,-9.752828393441439,-0.03058564155432099,-0.019812464714050293,-0.004066653549671173,0.5908202591784298,-0.008074630051851273
1746738782224936200,40.274936279296874,0.08578578726759059,-0.0009063640609383583,0.042520451003789504,-0.0003316395450383425,0.009722995690898035,0.9985686233536323,0.022093383800024607,right,-0.0024088621139526367,-0.06102913507109673,0.838675002996996,-9.75239760080874,-0.030953360943484703,-0.014471234753727913,-0.0056502074003219604,0.5981191474823281,-0.01074887439608574
1746738782264936200,40.31493627929687,0.08569071890140209,0.011236217804253101,0.04246652321367854,-0.008431905880570412,0.009847665579648094,0.9985636262397897,0.02235666262194082,right,-0.0032831430435180664,-0.061411622722851736,0.8377282236661762,-9.75224854772687,-0.03114945279113055,-0.00659539271146059,-0.006323397159576416,0.6018630467183888,-0.009723067283630371
1746738782304936200,40.35493627929687,0.08547214881206416,0.012070175260305405,0.04235061490950279,-0.00320177199319005,0.010075383083080426,0.9985664952757818,0.02280459446780993,right,-0.0032629966735839844,-0.06138057247912856,0.8355982259001582,-9.75245020777881,-0.03114235993443744,-0.0018357192166149616,-0.005096651613712311,0.6015590953357517,-0.006184764206409454
1746738782344936400,40.3949365234375,0.08526373265779807,-0.0013325335457921028,0.04224383163813595,-0.006312441546469927,0.01014882064870289,0.998569043479012,0.022948441044326966,right,-0.002794921398162842,-0.06145638749522952,0.8335617516364902,-9.752578802594542,-0.031182200021199976,-0.002661236561834812,-0.006079472601413727,0.602301182407327,-0.005105186253786087
1746738782384936400,40.4349365234375,0.08513767180196542,-0.0024997959844768047,0.042184206985792526,0.003372450824826956,0.010063900344078716,0.9985738284954591,0.022770743262963928,right,-0.0006366968154907227,-0.06137076596052059,0.8323366668209433,-9.752734869939088,-0.03113506611763832,0.007526428438723087,-0.005738943815231323,0.6014631241479889,-0.009240619838237762
1746738782424936200,40.47493627929688,0.08518111691796879,-0.00105295202229172,0.0422110764413283,0.005291526205837727,0.0099782292586553,0.998579318530695,0.02258490046557543,right,-0.0012217164039611816,-0.061007402453670014,0.8327789306957274,-9.752916071724892,-0.030949944588247222,0.011873848736286163,-0.005792245268821716,0.5979064180471003,-0.010376490652561188
1746738782464936200,40.514936279296876,0.08541251492443755,0.00038979866076260805,0.04232982878330644,0.004784764721989632,0.009974185004003037,0.9985813819876901,0.02256412041064291,right,-0.0019161105155944824,-0.060546537712611294,0.8350591505873948,-9.752996735745668,-0.030720562154483155,0.008454867638647556,-0.004840299487113953,0.5933952242329716,-0.009885501116514206
1746738782504936200,40.554936279296875,0.0855943474870168,-0.0026366556994616985,0.042423850561485864,0.0034901879262179136,0.009912545950429197,0.998581238409348,0.022437361295333958,right,-0.003528416156768799,-0.06034034375988475,0.8368429652642458,-9.752966340607404,-0.030615832097147567,0.0007810541428625584,-0.004101477563381195,0.5913768336152657,-0.00911647081375122
1746738782544936200,40.594936279296874,0.08568931312530716,-0.0019376480486243963,0.042473000169547116,0.002697280840948224,0.009823496356296476,0.9985779963239994,0.022267907147316465,right,-0.000904381275177002,-0.06047890592097644,0.8377621259357779,-9.752805012565851,-0.030681884982472936,-0.007281080354005098,-0.004460588097572327,0.5927331801276654,-0.010415852069854736
1746738782584936200,40.63493627929687,0.08586125610469433,0.0018034924287348986,0.042555916540900796,0.0037086550146341324,0.009817328003744496,0.9985677162358704,0.02227997342060274,right,-0.0017731189727783203,-0.06092092630949985,0.8394165420792996,-9.752398769852519,-0.030903673251129214,-0.012037811800837517,-0.0060927122831344604,0.5970599572855979,-0.010667096823453903
1746738782624936400,40.6749365234375,0.08598227476315237,0.0023338650353252888,0.042611591035294376,0.003031879896298051,0.009897750364269866,0.9985595482153341,0.022458548359754922,right,-0.002177715301513672,-0.061238107956358985,0.8405803982269019,-9.752108262473344,-0.031066428700599235,-0.005006137304008007,-0.006821677088737488,0.6001646453026682,-0.008874945342540741
1746738782664936200,40.71493627929687,0.08589178746730222,0.0017571542412042618,0.04256204283409287,-0.0001150516327470541,0.0099869222657886,0.9985570407297878,0.022644493211221826,right,-0.0027448534965515137,-0.06147261931489765,0.8396858605399727,-9.752043380543588,-0.03118702057581089,-0.006747485138475895,-0.006897203624248505,0.6024600627634674,-0.00866759568452835
1746738782704936200,40.75493627929688,0.08571742456186911,-0.003317334223538637,0.0424775523075702,0.0077310586348176,0.00990045508676789,0.9985610530855183,0.022467255529061283,right,0.000245511531829834,-0.06150483704038896,0.8379838058624416,-9.752170221793651,-0.031198473627915238,0.0023568999022245407,-0.0043052732944488525,0.6027754123229533,-0.0097004733979702
1746738782744936200,40.79493627929688,0.0859484601644839,-0.005821333732455969,0.04259535257796756,0.006069342605769634,0.009805668800393231,0.9985561484442819,0.022287139160508496,right,-0.0033164620399475098,-0.06156278692563668,0.8402339228767901,-9.751941673734784,-0.031224713457072166,-0.0021080225706100464,-0.004815198481082916,0.603342654284276,-0.007039323449134827
1746738782784936200,40.834936279296876,0.08615899796893009,-0.010271202772855759,0.04270322433682995,0.005299768876284361,0.009662748282605974,0.9985494335788214,0.02201769348118957,right,-0.0013660192489624023,-0.061798156333756155,0.8422747810546308,-9.751623109304905,-0.031337502232407215,-0.003674605628475547,-0.0035280808806419373,0.6056464377146213,-0.007715102285146713
1746738782824936200,40.874936279296875,0.08621886893380694,-0.008814753033220768,0.042738810753474354,-0.0020707924850285053,0.009428561083514777,0.9985466384766962,0.021561014972538962,right,-0.002849102020263672,-0.06203965166973484,0.842846005071327,-9.75142670994997,-0.03144860254438781,-0.005159701220691204,-0.004608228802680969,0.6080101711712778,-0.00924311950802803
1746738782864936400,40.9149365234375,0.08621771107637904,0.003850916400551796,0.04273697081986053,0.00194630678743124,0.009392765882247845,0.9985415176534942,0.0215047302240854,right,-0.0020168423652648926,-0.06239498003081375,0.8428160483244806,-9.751211605894564,-0.03162479385463366,-0.009799803607165813,-0.004815809428691864,0.6114880033496767,-0.01012379676103592
1746738782904936200,40.954936279296874,0.0864161777942517,0.012941540218889713,0.042825026166984206,0.0006398820551112294,0.009635676818645912,0.9985275698442392,0.022018116671469187,right,-0.0035900473594665527,-0.06286691434255574,0.8447263389252125,-9.75075567882061,-0.03187233368517928,-0.01152815856039524,-0.005606703460216522,0.6161070414524525,-0.008898042142391205
1746738782944936200,40.99493627929687,0.0865970212212467,0.00704179285094142,0.04290655965734346,0.004856108222156763,0.009873779983892847,0.998518950701622,0.022507428463407125,right,-0.0034050345420837402,-0.06301866739007851,0.8464815850947052,-9.75050959510505,-0.03195946553164777,-0.0005685910582542419,-0.005827024579048157,0.6175922385089099,-0.005463555455207825
1746738782984936200,41.03493627929687,0.08678011816559776,-0.003026322927325964,0.04299911596690987,0.005127745680510998,0.009861040814665033,0.9985169254338518,0.022482593478952866,right,-0.003253757953643799,-0.0629003562387635,0.8482732177518307,-9.750427177518606,-0.031900770946349036,0.0037107006646692753,-0.0051788389682769775,0.6164343006454408,-0.005876738578081131
1746738783024936200,41.07493627929688,0.08693163402696763,-0.0003238779027014971,0.04307926708164326,0.005238492973148823,0.009767506196713896,0.998518152918055,0.02229002042461143,right,-0.0025731921195983887,-0.06267075834609437,0.8497627987224609,-9.7504388679564,-0.03178274511286928,0.00671173632144928,-0.0054107531905174255,0.6141871793057769,-0.009620890021324158
1746738783064936200,41.11493627929688,0.08715258241210043,0.004178672097623348,0.04319212174354655,0.005971559323370457,0.009769106894351561,0.9985194014753973,0.022283120607284167,right,-0.0014303922653198242,-0.06228081114642424,0.8519378777392208,-9.750489136838912,-0.03158899680339602,0.00890983734279871,-0.006073817610740662,0.6103705801596865,-0.011156372725963593
1746738783104936400,41.1549365234375,0.08749561083907682,-0.000648056622594595,0.043365159653214004,0.008962016552686691,0.009806276377359839,0.9985185718580378,0.022348578009234215,right,-0.0029703378677368164,-0.06183102564480208,0.8553064043242484,-9.750468678572773,-0.03136753735636517,0.005591604858636856,-0.005658827722072601,0.6059681804822757,-0.008574672043323517
1746738783144936400,41.1949365234375,0.08774655939797646,-0.0020376350730657578,0.043491580137090174,0.0031634587794542313,0.00978747459536209,0.9985147086038221,0.02231456928503466,right,-0.0037999749183654785,-0.061735372784513784,0.8577583275210112,-9.750311442184447,-0.03132027515549024,-0.0022068005055189133,-0.004815250635147095,0.6050319225454702,-0.01079452782869339
1746738783184936200,41.234936279296875,0.08783086266983577,0.0010826066136360168,0.043532336447823304,0.00026898225769400597,0.00978381679972185,0.9985098102808554,0.022318846988520977,right,-0.0027430057525634766,-0.06193767101397279,0.8585695708386599,-9.750116796395183,-0.03142177528716345,-0.007286679930984974,-0.0037646591663360596,0.6070119904467836,-0.011661510914564133
1746738783224936200,41.274936279296874,0.08790260187127559,0.006497963797301054,0.04356275064325528,0.002433063695207238,0.009883799685862423,0.9985023630899101,0.02253541493906723,right,-0.00245589017868042,-0.06225452099179481,0.8592521462753414,-9.749863113895058,-0.03158502652759451,-0.009037022478878498,-0.004120908677577972,0.6101132443977519,-0.010336790233850479
1746738783264936200,41.31493627929687,0.08798602636109179,0.007775915786623955,0.04359643414281706,-0.0015297832433134317,0.010064348607775045,0.9984938423891694,0.02291352022485592,right,-0.002822399139404297,-0.06256608106776294,0.8600487765457481,-9.749601832610368,-0.03174922392209075,-0.004794915672391653,-0.004426293075084686,0.6131626585636287,-0.00948411226272583
1746738783304936200,41.35493627929687,0.087930201242945,0.0045231664553284645,0.043562031218788703,-0.0008733119466342032,0.010224854834815974,0.9984903038819091,0.023242214333548724,right,-0.0011981725692749023,-0.06276835541898082,0.8594935538157821,-9.749525844764708,-0.031857083484827534,-0.0070474655367434025,-0.005483955144882202,0.6151424342039972,-0.008534055203199387
1746738783344936400,41.3949365234375,0.08776275788477164,-0.00476494524627924,0.04347672652719185,0.0017344392836093903,0.010235905520337424,0.9984907335870814,0.02326786714651706,right,0.002610623836517334,-0.06296847500108488,0.8578502435881644,-9.749546887552738,-0.031956690464651834,0.0006498256698250771,-0.0022867172956466675,0.6171010209258645,-0.009868662804365158
1746738783384936400,41.4349365234375,0.08809659012712422,-0.00840633362531662,0.043645180425674605,0.009272783994674683,0.010159121232872152,0.9984831002341117,0.02312782569182356,right,0.0001633167266845703,-0.06303768495246923,0.8611011351428925,-9.749217217206954,-0.03198989410015732,-0.0037450529634952545,-0.0029629841446876526,0.617778408730775,-0.006438668817281723
1746738783424936200,41.47493627929688,0.08842210362423698,-0.011332284659147263,0.043809904333527085,0.008236492052674294,0.009990893980981257,0.9984708983992598,0.02282017403746208,right,-0.0010482072830200195,-0.0634611731624092,0.8642514158673584,-9.748674780893325,-0.032196224069840094,-0.013377759605646133,-0.0017109662294387817,0.6219231073200703,-0.007036976516246796
1746738783464936200,41.514936279296876,0.08859600984217639,-0.005569338798522949,0.043897933390290626,-0.002337791956961155,0.009815003388088207,0.9984589591749963,0.022501197156011954,right,-0.00452035665512085,-0.06408187257155169,0.8659124809473753,-9.748138189798594,-0.03249995363011804,-0.0162629634141922,-0.00454268604516983,0.6279976779934019,-0.009357936680316925
1746738783504936200,41.554936279296875,0.08835247370302027,0.012563155964016914,0.04376881788854042,-0.004733883775770664,0.009911982405490958,0.9984532361232589,0.022715787084070436,right,-0.0022048354148864746,-0.06471593158774896,0.8635030817180871,-9.747949973750114,-0.03281998436350635,-0.016197390854358673,-0.005922481417655945,0.6342028162438422,-0.00917666032910347
1746738783544936200,41.594936279296874,0.08816932252599698,0.025065001100301743,0.043657248535339865,-0.002801791299134493,0.010392647688885828,0.9984426163516684,0.023699360175083166,right,-0.0010198354721069336,-0.06531765565312038,0.8616839765321462,-9.747726101866364,-0.033140937754707896,-0.017298592254519463,-0.006376296281814575,0.6400912166953087,-0.007604997605085373
1746738783584936200,41.63493627929687,0.08803436692878985,0.016936887055635452,0.043572469188198036,-0.0015713316388428211,0.010887239108535524,0.9984380971210436,0.024691773204336548,right,-0.002044379711151123,-0.06545638680401612,0.8603606189738958,-9.747754158917068,-0.03323111520543312,0.0026833657175302505,-0.005337759852409363,0.6414488418493419,-0.005120493471622467
1746738783624936400,41.6749365234375,0.08784661206656595,-0.005549661815166473,0.043477539506561046,-0.004202237352728844,0.01098288036252863,0.998445197853934,0.02486620930314773,right,-0.0037696361541748047,-0.06521073404567315,0.8585442172016948,-9.748072138825059,-0.03311125327133966,0.005138980224728584,-0.005150146782398224,0.6390449225127697,-0.003908660262823105
1746738783664936200,41.71493627929687,0.08767485333760082,-0.010113300755620003,0.04340159799942783,0.0009147045202553272,0.010745738779563679,0.9984555036476156,0.024374638129655315,right,-0.0009565949440002441,-0.06496547258333304,0.8568835905130953,-9.748374921163917,-0.03297720755795046,0.010320781730115414,-0.005410440266132355,0.6366448025684803,-0.008862491697072983
1746738783704936200,41.75493627929688,0.08764098209366922,0.000957154668867588,0.043393546737871214,0.001612793654203415,0.01061224075279709,0.9984672789510036,0.024079789750671793,right,-0.000761866569519043,-0.06437047394017016,0.8565864341974258,-9.74877999483347,-0.03267359695054507,0.017017275094985962,-0.005926951766014099,0.6308220877643674,-0.012796569615602493
1746738783744936200,41.79493627929688,0.0876976735297058,0.007404972333461046,0.043422840344680455,0.0030824746936559677,0.01071321374749277,0.9984741783158063,0.02425830689776236,right,-0.001772165298461914,-0.06379227419965795,0.8571708830218762,-9.749092714044451,-0.03238912639093936,0.006343977525830269,-0.004298247396945953,0.6251635505460202,-0.010468628257513046
1746738783784936200,41.834936279296876,0.08774562938138693,0.00444005336612463,0.04344307878311526,-0.0008085425943136215,0.01083985055198767,0.9984725453588981,0.024511019238740984,right,-0.003035247325897217,-0.06373577158122726,0.8576414962083101,-9.749086868825554,-0.03236666939446803,-0.006649763323366642,-0.005831427872180939,0.6246105197731405,-0.00965515524148941
1746738783824936200,41.874936279296875,0.08762655686533351,0.003300572745501995,0.04337901431925951,0.0004152172477915883,0.010937581355211768,0.9984709276747554,0.024711743212631622,right,-0.0006639957427978516,-0.06393523696109757,0.8564697490151971,-9.749064656993745,-0.03246995425506158,-0.005383993498980999,-0.004702374339103699,0.6265626767542213,-0.011436261236667633
1746738783864936400,41.9149365234375,0.08771031699211014,0.008947676047682762,0.04341407071249073,0.005351918283849955,0.011083370341747886,0.9984634026294631,0.025017888407344934,right,-0.002680182456970215,-0.06419257316554074,0.8572721514392644,-9.74883201728165,-0.032605523787630215,-0.011016330681741238,-0.0042309388518333435,0.629081089315936,-0.009217135608196259
1746738783904936200,41.954936279296874,0.08792512381597963,0.006619701161980629,0.04351110863963576,0.002835512161254883,0.011251251484344724,0.9984473004171436,0.02538748496117665,right,-0.0029027462005615234,-0.06478494132960867,0.8593333948180079,-9.74827496792078,-0.032910470907857155,-0.015349546447396278,-0.004466503858566284,0.6348781582221389,-0.009088516235351562
1746738783944936200,41.99493627929687,0.08799498700771972,0.0007213754579424858,0.04353947916615918,-0.003846711479127407,0.01133118113396254,0.9984369214574504,0.02557165980915123,right,-0.0029494762420654297,-0.06527466872114221,0.8599869633559137,-9.747903796520829,-0.03315934692302049,-0.011583960615098476,-0.006292089819908142,0.639670580130443,-0.009819310158491135
1746738783984936200,42.03493627929687,0.08777442868172437,-0.0003407316980883479,0.04342733844689136,-0.006705119274556637,0.011371107842042382,0.9984395952194389,0.025648991183107747,right,-0.0005881786346435547,-0.06538018721180501,0.8578311004962772,-9.748025961595774,-0.03321245105636472,0.003913061693310738,-0.004495546221733093,0.6407031380485743,-0.01231643557548523
1746738784024936200,42.07493627929688,0.08779282241672164,0.003338149283081293,0.04343234786374461,-0.0007576155476272106,0.011468127402582838,0.9984361776496793,0.02584918714107825,right,-0.003257155418395996,-0.06549837305917273,0.8580037536494434,-9.747934776180982,-0.033275900978561666,-0.013212833553552628,-0.005437776446342468,0.6418596876725554,-0.006669636815786362
1746738784064936200,42.11493627929688,0.08780443752291787,-0.0016319449059665203,0.04343103812687163,0.00017394969472661614,0.011510725019152847,0.9984237394033341,0.025966627106487405,right,-0.00036275386810302734,-0.06621355506079436,0.8580764535594732,-9.747464820581675,-0.03363553261998754,-0.01878216676414013,-0.004533290863037109,0.6488580221273005,-0.008886631578207016
1746738784104936400,42.1549365234375,0.08778746698278946,0.0005654082633554935,0.04341776427045159,-0.00494752824306488,0.011528737418560017,0.9984151627310368,0.026025532997186136,right,-0.0030087828636169434,-0.06674104187559825,0.857880930987373,-9.74713690380156,-0.033900030400656256,-0.011256437748670578,-0.006679564714431763,0.6540194965437054,-0.008973810821771622
1746738784144936400,42.1949365234375,0.08760969610284701,0.006572266574949026,0.043320729582218706,-0.004114302806556225,0.011651823576331724,0.9984088526210178,0.026289245598106397,right,-0.0022580623626708984,-0.06726476807566424,0.8561180860333144,-9.746946934187411,-0.03416615676878977,-0.016681699082255363,-0.0058398619294166565,0.6591439268853515,-0.0062335096299648285
1746738784184936200,42.234936279296875,0.08755098338872798,0.012903173454105854,0.04327580668754441,0.0015499354340136051,0.011933552733662587,0.9983944611926484,0.026883979624057565,right,-0.0005403757095336914,-0.06799655823706086,0.8555033882010727,-9.746514387989043,-0.034543982311556504,-0.018093880265951157,-0.00733281672000885,0.6663039547078311,-0.007481466978788376
1746738784224936200,42.274936279296874,0.08744598702260141,0.011517370119690895,0.04321283535975503,0.005048215389251709,0.012181247719826292,0.9983895605650039,0.02738739614156775,right,-0.0008315443992614746,-0.06824225005464286,0.8544657157164066,-9.746440738230943,-0.03467687875203203,0.0029993057250976562,-0.005733966827392578,0.6687078009791672,-0.008005879819393158
1746738784264936200,42.31493627929687,0.08739838283738643,-0.004105572588741779,0.043189192288104444,0.0015559678431600332,0.012227664530909505,0.9983934957854724,0.02746972321563283,right,-0.0015658736228942871,-0.06803853905875974,0.854013588034734,-9.74661667931974,-0.03457667889591112,0.003775864839553833,-0.004712805151939392,0.6667147274658084,-0.004554241895675659
1746738784304936200,42.35493627929687,0.08751826497252192,-0.01099146157503128,0.04325710237505301,0.011424248106777668,0.012022729638677064,0.9983955453839416,0.02705776440933472,right,-0.0006181597709655762,-0.06791239222907179,0.8551894268810749,-9.746597974619268,-0.034505531616792894,0.004675191827118397,-0.004491731524467468,0.6654804364304989,-0.009284831583499908
1746738784344936400,42.3949365234375,0.08788242886059962,-0.005882290657609701,0.043450764554544594,0.010611716657876968,0.011791474105212923,0.9983988356186038,0.026584739289045613,right,-0.0020708441734313965,-0.06740912866806845,0.8587680160202086,-9.746618432885407,-0.034246226999354236,0.01678387075662613,-0.0055722445249557495,0.6605564240317792,-0.011535879224538803
1746738784384936400,42.4349365234375,0.08826589240309336,-0.00325647066347301,0.04365258260072564,0.010770522989332676,0.01166403317272607,0.9984047774717905,0.026308078737584496,right,-0.002219974994659424,-0.06663515635706442,0.8625502379726618,-9.746794373974204,-0.033856100474576135,0.015212313272058964,-0.004750609397888184,0.652983431494236,-0.010280229151248932
1746738784424936200,42.47493627929688,0.0885022112134233,-0.002844129456207156,0.04377750376676044,0.00199071504175663,0.011574247323913269,0.9984089356633583,0.02611367468371392,right,-0.003998756408691406,-0.06613064762434664,0.8648825533777474,-9.746917123571038,-0.033601382141050365,0.0060102930292487144,-0.003139674663543701,0.6480467788096517,-0.011324197053909302
1746738784464936200,42.514936279296876,0.08854987736285562,0.0008820367511361837,0.043803058587197484,-0.0007771998643875122,0.011543501382434325,0.9984097618923287,0.02604948234687831,right,-0.004111051559448242,-0.06603662022276535,0.8653525089770555,-9.746936997315286,-0.033553315870722786,-0.0014288853853940964,-0.0041503384709358215,0.6471266682900488,-0.012853611260652542
1746738784504936200,42.554936279296875,0.08841249477233352,0.009559649974107742,0.04372934546663499,-0.005095379892736673,0.011657517551769291,0.998408636412757,0.026280910699811134,right,-0.0032581090927124023,-0.06620789204462856,0.8640036516513675,-9.746945180621742,-0.033643080199310046,-0.007971471175551414,-0.003920890390872955,0.6488026386782526,-0.013077720999717712
1746738784544936200,42.594936279296874,0.08830729816288001,0.01163361594080925,0.043665279636865555,-0.00632824469357729,0.011930838089624904,0.9984028840555782,0.02683796310990142,right,-0.002794981002807617,-0.06650110524914454,0.8629615221872925,-9.746845811900496,-0.0338009976796336,-0.01176001038402319,-0.006229214370250702,0.6516716913085431,-0.007782157510519028
1746738784584936200,42.63493627929687,0.08806929513071274,-0.001886933110654354,0.04353863222535411,-0.009921995922923088,0.012095435206461664,0.9984012913195996,0.027172546936479847,right,-0.003459155559539795,-0.06679139671730472,0.8606250420637428,-9.746862178513407,-0.0339517713868204,-0.0007418813183903694,-0.005708321928977966,0.654512175431475,-0.007378607988357544
1746738784624936400,42.6749365234375,0.0880428747529844,-0.010742024518549442,0.04352964033091488,-0.0004306565970182419,0.012007562752183324,0.9984053539200015,0.02698916221281797,right,-0.00287473201751709,-0.06664621930392722,0.8603758165430277,-9.746979667413234,-0.033875150247648235,0.001020579831674695,-0.006266377866268158,0.6530916411090641,-0.005546145141124725
1746738784664936200,42.71493627929687,0.08807190912301412,-0.012072703801095486,0.04355354392217395,0.00407747644931078,0.01175393482914414,0.9984095464256912,0.026477536515478284,right,-0.00027632713317871094,-0.06654404166068958,0.8606647164870053,-9.747021168467402,-0.033813174709397945,-0.0002782342489808798,-0.004601731896400452,0.6520918164167553,-0.007420513778924942
1746738784704936200,42.75493627929688,0.08823338301303295,-0.011567404493689537,0.04364408231654177,0.004341409541666508,0.011455314459667694,0.9984092623274624,0.025885316354804764,right,-0.002973794937133789,-0.06655536168448556,0.8622379571530967,-9.74687445347309,-0.033806852912555765,-0.0015316723147407174,-0.004591614007949829,0.6522025833148509,-0.008511796593666077
1746738784744936200,42.79493627929688,0.08820670131343966,-0.0038978010416030884,0.04363605483308133,-0.0010942448861896992,0.011271394976305806,0.9984099626500841,0.025521369815478777,right,-0.003370523452758789,-0.0666761287649644,0.8619709037147462,-9.74681892389357,-0.033859044354191965,-0.006364758126437664,-0.005206100642681122,0.6533843404453248,-0.010622061789035797
1746738784784936200,42.834936279296876,0.08814295812324774,0.01491495780646801,0.043599257914373676,-0.00007561524398624897,0.011386686742110977,0.998407657062175,0.02575637576213592,right,-0.0025951266288757324,-0.06681577566975896,0.8613415928352623,-9.74678268353641,-0.033933520871740834,-0.0034446618519723415,-0.006006568670272827,0.6547507334277033,-0.011566255241632462
1746738784824936200,42.874936279296875,0.0879380477066565,0.013238450512290001,0.04348891554551899,0.0016384792979806662,0.011653276548820724,0.9984109236820927,0.026278506130031846,right,0.0007355809211730957,-0.06670474748317487,0.8593507112789899,-9.747031689861416,-0.03388828498022202,0.003808774519711733,-0.0050984397530555725,0.6536643264304847,-0.009717058390378952
1746738784864936400,42.9149365234375,0.08796689446197406,0.0019959378987550735,0.043499028840670514,-0.002044854685664177,0.011825874307956188,0.9984115553431645,0.02661653420631323,right,-0.003713667392730713,-0.06650910167370125,0.8596431183543056,-9.747133981192112,-0.03379814008206141,0.0024316892959177494,-0.005645789206027985,0.6517499441765249,-0.005793679505586624
1746738784904936200,42.954936279296874,0.08786473924439968,-0.0030474038794636726,0.043451235837678716,0.0022292854264378548,0.0117575915519614,0.998416332673375,0.02647171199693063,right,-0.000014603137969970703,-0.06640590215553532,0.8586533035993575,-9.747288879492878,-0.03374287307519642,0.007865139283239841,-0.0055877044796943665,0.6507401826120912,-0.009502515196800232
1746738784944936200,42.99493627929687,0.08805314012147374,0.0005916317459195852,0.04355156868093684,0.005448903888463974,0.011713219561838555,0.9984226871902642,0.026362203958938586,right,-0.0014358758926391602,-0.06579925505968244,0.8605242120377719,-9.747518012073636,-0.03343876509422483,0.017461974173784256,-0.006139017641544342,0.6448039974961429,-0.011180654168128967
1746738784984936200,43.03493627929687,0.08837310865922682,0.0017157371621578932,0.04371587210955993,0.0088213961571455,0.011758290217103807,0.9984277563813582,0.026428550791009135,right,-0.0020238757133483887,-0.06502308057759368,0.8636869869176298,-9.747737792304157,-0.0330546291683933,0.0169666800647974,-0.006480991840362549,0.6372085739310831,-0.009849771857261658
1746738785024936200,43.07493627929688,0.08870309632127753,-0.004206160083413124,0.04388577514797825,0.008500823751091957,0.011729876646279733,0.9984296172943007,0.026357986743635285,right,-0.0017846226692199707,-0.06447469018106697,0.866934444406256,-9.747799167102574,-0.0327812685683523,0.007539492100477219,-0.004663817584514618,0.6318420053966343,-0.009000144898891449
1746738785064936200,43.11493627929688,0.0890988181025873,-0.00896605383604765,0.044089214879456606,0.007608555722981691,0.01156585797768262,0.9984241472182671,0.026038372064530618,right,-0.004295229911804199,-0.06438465822221048,0.8707968189228326,-9.74751158233285,-0.032731601908723026,-0.003818945027887821,-0.005041651427745819,0.630960911713168,-0.01127566397190094
1746738785104936400,43.1549365234375,0.0893645897032487,-0.004020058549940586,0.0442252517484893,0.0024517918936908245,0.011390594800439259,0.998415791322229,0.02570882246062598,right,-0.004223823547363281,-0.06466867595565887,0.8733713455859571,-9.747101247966288,-0.03286762655529213,-0.00826326571404934,-0.004223354160785675,0.6337403863638639,-0.012580160051584244
1746738785144936400,43.1949365234375,0.08940042978343056,0.004140885546803474,0.04423903095855784,-0.0019128061830997467,0.011430850162034972,0.9984088969690745,0.025806438370780362,right,-0.0029848814010620117,-0.06501857687514023,0.8737008698012679,-9.746848149988054,-0.033044655420035735,-0.014135228469967842,-0.005821444094181061,0.637164515593648,-0.010330602526664734
1746738785184936200,43.234936279296875,0.08920837013881514,0.0007598728407174349,0.04413560100988591,-0.005355522967875004,0.011577972255552321,0.9984057819996528,0.0261105259033438,right,-0.0006934404373168945,-0.06536773196502646,0.8718089916400611,-9.746793789452314,-0.033224562879900124,-0.004190604202449322,-0.003888919949531555,0.6405812652345746,-0.010335415601730347
1746738785224936200,43.274936279296874,0.08928986914101786,-0.0034478351008147,0.044173502491154266,-0.0008035958744585514,0.011614562338179124,0.9984005065030349,0.026195074905749183,right,-0.0019521713256835938,-0.06555705164756216,0.8725925432331859,-9.746601481750607,-0.03332140527862801,-0.007579656317830086,-0.0038869082927703857,0.6424339073639362,-0.005776427686214447
1746738785264936200,43.31493627929687,0.08934935043847551,-0.00866896752268076,0.04420469803094429,0.0033653411082923412,0.011487913129765371,0.9983950175034841,0.025958623168361512,right,-0.001383066177368164,-0.06589538269338127,0.8731528074644506,-9.74633260168135,-0.03348541550742122,-0.011373751796782017,-0.0037386566400527954,0.6457446393471211,-0.0060747116804122925
1746738785304936200,43.35493627929687,0.08950014680000677,-0.0066252960823476315,0.044282909092205724,0.0010643850546330214,0.011306980608313444,0.9983873598190436,0.025618700061702818,right,-0.0037841200828552246,-0.06628179318822215,0.8746001567285507,-9.745951493409276,-0.033671641976282266,-0.008142839185893536,-0.004693865776062012,0.6495257653210311,-0.008749768137931824
1746738785344936400,43.3949365234375,0.08941778393946431,0.00507379649206996,0.04424081512372311,-0.0014426079578697681,0.011287939876885594,0.998385921372903,0.025587326535167435,right,-0.002324700355529785,-0.0664931855635018,0.8737851870838552,-9.74588661147952,-0.033776003881920785,-0.003265980165451765,-0.004848591983318329,0.6515942421581595,-0.009968526661396027
1746738785384936400,43.4349365234375,0.0894007688212955,0.018083861097693443,0.044222506818108805,-0.000712861365173012,0.01156823502425701,0.9983823643628887,0.02615016482464152,right,-0.0037421584129333496,-0.06653563273146594,0.8736168447796255,-9.745874336519837,-0.03380954362254815,-0.0035413303412497044,-0.004459463059902191,0.6520095449607819,-0.008303623646497726
1746738785424936200,43.47493627929688,0.08925941154902647,0.008753415197134018,0.044143132549301765,0.003417408559471369,0.0118235214475437,0.9983820267509101,0.02665812873248395,right,-0.002051115036010742,-0.06656560068585611,0.8722374461852014,-9.745977796894312,-0.03383489778918073,0.000007955590263009071,-0.003718145191669464,0.6523028288189321,-0.005854692310094833
1746738785464936200,43.514936279296876,0.08914910011370779,-0.003957151435315609,0.044089256240871226,-0.0042500183917582035,0.011827062558339074,0.9983869494701689,0.026654601379052043,right,-0.0032509565353393555,-0.06641281949982342,0.8711712051931768,-9.746173027205467,-0.033757904351628294,0.006504411809146404,-0.00521291047334671,0.6508078410208225,-0.005887564271688461
1746738785504936200,43.554936279296875,0.08895422481266915,-0.0014162873849272728,0.04399871617237694,0.0005375216715037823,0.011739225567407537,0.998399773332535,0.02645174022395272,right,-0.00031763315200805664,-0.06596080512383284,0.8692979586672037,-9.746634799498318,-0.03352665352069007,0.011174626648426056,-0.005621388554573059,0.6463847638815641,-0.009156901389360428
1746738785544936200,43.594936279296874,0.08892762606380651,0.005976512562483549,0.04399002663056052,-0.0005949352635070682,0.011765983127455385,0.998411107213573,0.026474061188489228,right,-0.0015780329704284668,-0.06528444964338943,0.8690773747190833,-9.747091311094165,-0.03318936282941424,0.01693778485059738,-0.007107928395271301,0.6397662955898791,-0.01050102710723877
1746738785584936200,43.63493627929687,0.0889751641999481,0.006482350639998913,0.04401610093548822,0.0032808640971779823,0.011902991334317345,0.9984221638152613,0.026711838291914015,right,-0.0025707483291625977,-0.06443337089709862,0.8695887583073229,-9.747588739222287,-0.03277002696099515,0.019791312515735626,-0.005824066698551178,0.6314375893142073,-0.00869923084974289
1746738785624936400,43.6749365234375,0.08905043925227185,-0.002415730617940426,0.04406000647262044,0.0037195109762251377,0.011917094039369957,0.9984337687563054,0.0267046929413712,right,-0.00016796588897705078,-0.0635915535920818,0.8703694603562354,-9.748049342471361,-0.03235008633727463,0.015381667762994766,-0.003854401409626007,0.623199118605256,-0.008250243961811066
1746738785664936200,43.71493627929687,0.08921263824960005,-0.0054093012586236,0.044147896230391614,0.0014416493941098452,0.011789036292962317,0.9984373429360621,0.026437419566674107,right,-0.003329038619995117,-0.0632361681992972,0.8719702466163783,-9.748127668404578,-0.03216774414857674,-0.0005114171653985977,-0.004365980625152588,0.6197209941659122,-0.010328561067581177
1746738785704936200,43.75493627929688,0.08919902327295863,0.0001543140970170498,0.0441430430144347,-0.003682351903989911,0.011693295011466053,0.9984365351560657,0.026251668837536817,right,-0.0033965706825256348,-0.06337979416740105,0.8718295960366725,-9.74805109603703,-0.03223526128986921,-0.005311859305948019,-0.004980035126209259,0.621126623180136,-0.01317388191819191
1746738785744936200,43.79493627929688,0.08900542296766725,0.011087000370025635,0.044039925761292925,-0.004364467691630125,0.011838847926826584,0.9984354532950105,0.026547408688180472,right,-0.002091050148010254,-0.06361180613886414,0.8699295345690101,-9.748075645956396,-0.032356462360201906,-0.010084791108965874,-0.004794612526893616,0.623397344591096,-0.013403762131929398
1746738785784936200,43.834936279296876,0.08855283230165548,0.006645841524004936,0.04380572857833379,-0.0038419172633439302,0.012044604087215133,0.9984394431279617,0.0269549024579265,right,0.001445770263671875,-0.06383550864094485,0.8655052153207361,-9.74832932845652,-0.032474382187806204,-0.0023533678613603115,-0.004126586019992828,0.6255866713289171,-0.011555839329957962
1746738785824936200,43.874936279296875,0.08842877110870644,0.0014043515548110008,0.04373911759728902,-0.002620105864480138,0.0121439761815522,0.9984380303210031,0.027158143533132895,right,-0.0012146830558776855,-0.06401954375377246,0.8642856103979051,-9.748321729671954,-0.032569951083301456,-0.005866898223757744,-0.00455523282289505,0.6273877294015139,-0.006439208984375
1746738785864936400,43.9149365234375,0.08830062627119106,-0.00789294671267271,0.04367462666366878,0.0018835857044905424,0.012055028958689951,0.9984351321915543,0.026994822507422998,right,-0.001972377300262451,-0.06444613003596522,0.8630127409178763,-9.748165077805519,-0.032778557285463764,-0.010427407920360565,-0.004766985774040222,0.6315624578028917,-0.007700126618146896
1746738785904936200,43.954936279296874,0.08820533137503568,-0.005205650348216295,0.04362867986616806,-0.004073902033269405,0.011901316036894085,0.9984321352736013,0.026702871139535563,right,-0.002135336399078369,-0.06487439808549042,0.862059897172451,-9.747976861757039,-0.03298540618664901,-0.007138439454138279,-0.007406406104564667,0.6357535528171807,-0.010267406702041626
1746738785944936200,43.99493627929687,0.08805165233973185,0.008100446313619614,0.04354834796955251,0.0006493851542472839,0.011921292160554361,0.9984292373793943,0.026754425893729776,right,-0.0017462968826293945,-0.0652479006259025,0.860540870911628,-9.747872232338786,-0.03317206499728227,-0.010209312662482262,-0.006362780928611755,0.6394086412586272,-0.010752201080322266
1746738785984936200,44.03493627929687,0.08812210785669362,0.01268642209470272,0.04357245308522387,0.0012165606021881104,0.01214170047402977,0.9984176805193847,0.02721827104170864,right,-0.003561854362487793,-0.06569684523047846,0.8612023304950446,-9.747524441814422,-0.03340670208526573,-0.013608604669570923,-0.007107868790626526,0.6438018347162753,-0.008520007133483887
1746738786024936200,44.07493627929688,0.08821064411629644,0.005021560471504927,0.04361017123163685,0.005043513141572475,0.012290504985743052,0.9984111082142884,0.027527061190012154,right,-0.002861320972442627,-0.0658705639563802,0.8620554401930421,-9.747336810287832,-0.033500689822164045,-0.0010548504069447517,-0.006378188729286194,0.6455017705019563,-0.006750915199518204
1746738786064936200,44.11493627929688,0.08834553489057666,-0.006533133331686258,0.043680676095857185,0.002659153426066041,0.012223991116860785,0.9984109486829248,0.027392917552935707,right,-0.0034874677658081055,-0.06574895411797523,0.8633771903160959,-9.747298231843113,-0.03343788323738526,0.0004844625946134329,-0.005754724144935608,0.6443117569997906,-0.007023561745882034
1746738786104936400,44.1549365234375,0.08841214594422614,-0.005148439202457666,0.043721157370610435,0.004829597659409046,0.012021387823142065,0.9984129370398127,0.02698666956064894,right,-0.0012539029121398926,-0.06569013445157562,0.864029809005931,-9.747278358098864,-0.03340004715028556,0.0025953873991966248,-0.0054328590631484985,0.6437361490689217,-0.01043149083852768
1746738786144936400,44.1949365234375,0.08860352673611427,0.0026234430260956287,0.0438199229713763,0.005846651270985603,0.011979902272896565,0.9984131467352892,0.026899315478194494,right,-0.0018889307975769043,-0.06545216707920015,0.8659087546203285,-9.74726549861729,-0.033280491847845206,0.007550631649792194,-0.004913710057735443,0.6414075599908828,-0.010985307395458221
1746738786184936200,44.234936279296875,0.08888599864662025,0.006025210488587618,0.04396037439230765,0.008822967298328876,0.012074943719301057,0.9984111170542088,0.027084051600352127,right,-0.00220334529876709,-0.06511675388229492,0.8686810688778758,-9.747233934435247,-0.03311881382431287,0.0038527208380401134,-0.004889436066150665,0.638125250384584,-0.009250566363334656
1746738786224936200,44.274936279296874,0.08916428138903804,0.0009011095389723778,0.04409814924318749,0.007636071648448706,0.012137758409179567,0.9984063260240262,0.027213158663594632,right,-0.001411139965057373,-0.0649845869000479,0.871401068426296,-9.747076113525033,-0.03305736448120728,0.0006398868281394243,-0.004296988248825073,0.6368318495731801,-0.00835178792476654
1746738786264936200,44.31493627929687,0.08957351556200946,0.0018179647158831358,0.04430156242727229,0.008292581886053085,0.012157029679830003,0.9983969989977262,0.027265381555791064,right,-0.004294037818908691,-0.06498606687924698,0.8753897727362812,-9.746717801606655,-0.03306174097875761,-0.005110225640237331,-0.004483573138713837,0.636846389555186,-0.00888451561331749
1746738786304936200,44.35493627929687,0.08989159136271035,0.006121836602687836,0.04445609805298762,0.0020483252592384815,0.012249874588137179,0.9983867207904045,0.027467355964876646,right,-0.004766702651977539,-0.06510611870148478,0.8784829895112664,-9.746362412297724,-0.03312809302630918,-0.0041184271685779095,-0.006130106747150421,0.6380212054882198,-0.010244429111480713
1746738786344936400,44.3949365234375,0.0899949635833919,0.010206559672951698,0.044499910315413574,0.0020338871981948614,0.012453658566536744,0.9983800403415676,0.02788423519015532,right,-0.0012959837913513184,-0.06522090606522461,0.8794839101821184,-9.746198746168613,-0.03319530014317426,-0.006084274500608444,-0.006118357181549072,0.6391444373644888,-0.010260570794343948
1746738786384936400,44.4349365234375,0.0899300552131198,0.005187785718590021,0.04446262329842286,0.003836893942207098,0.012618796920933229,0.9983805266128067,0.028209847982844715,right,0.00039649009704589844,-0.06515398542841452,0.8788551838245242,-9.746298114889859,-0.033168729845649426,0.009268740192055702,-0.002244114875793457,0.6384896267175674,-0.011012274771928787
1746738786424936200,44.47493627929688,0.08994233597074346,0.014019200578331947,0.04446462564371097,-0.006110509391874075,0.01282518636457529,0.9983827399136794,0.028609285103994735,right,-0.0037145614624023438,-0.06483683170806587,0.8789929848600179,-9.746488669025897,-0.033019375153310764,0.00525236502289772,-0.002019144594669342,0.6353859616138041,-0.009002059698104858
1746738786464936200,44.514936279296876,0.08935860953643827,0.025831284001469612,0.04416082932543534,-0.020942335948348045,0.013270063379994645,0.9983936083700087,0.029470962432073113,right,-0.0037537217140197754,-0.0646109985426455,0.8733163274630904,-9.747142749020457,-0.03292192949053874,0.0063163889572024345,0.000004254281520843506,0.633175884348899,-0.007879480719566345
1746738786504936200,44.554936279296875,0.08827350285607807,0.033033519983291626,0.04360303679678317,-0.034905094653367996,0.013869375929721955,0.9984149343548215,0.030620623943884987,right,-0.0042691826820373535,-0.06427306801266743,0.8627579624392092,-9.748297179752587,-0.032771103685956565,0.006468633189797401,-0.003771260380744934,0.6298688056275248,-0.007013682276010513
1746738786544936200,44.594936279296874,0.08693415463381567,0.03686554729938507,0.04291586831029352,-0.030791442841291428,0.014590503985213783,0.9984414203230666,0.03200056064534195,right,-0.00036203861236572266,-0.06380449843357079,0.8497263391695916,-9.749736857166885,-0.032557515501327704,0.008258285000920296,-0.002527981996536255,0.6252831583376973,-0.00587911531329155
1746738786584936200,44.63493627929687,0.08597426726710024,0.0286547914147377,0.04241880759608478,-0.022145520895719528,0.01529936709205594,0.998459266259538,0.033367904495697494,right,0.00003892183303833008,-0.06331585516551981,0.8403934242874384,-9.750851540410519,-0.032335581020722884,0.008296414278447628,-0.004242390394210815,0.6205008924972265,-0.005494885146617889
1746738786624936400,44.6749365234375,0.08528582519146466,0.011762004345655441,0.042069261113157404,-0.010492547415196896,0.015732186660297735,0.9984795975893034,0.03417852224073147,right,0.0006088614463806152,-0.0625276916137895,0.8337217645037919,-9.75191186311841,-0.0319539019403537,0.0183134526014328,-0.005011536180973053,0.6127869205864146,-0.004925217479467392
1746738786664936200,44.71493627929687,0.08496176232573692,-0.007000604644417763,0.04191440310257277,-0.002624012529850006,0.01576203713757496,0.998498079174911,0.03419434311197367,right,-0.001510918140411377,-0.06174698206126735,0.8306018058523535,-9.75265537496209,-0.03156193617041691,0.014076605439186096,-0.004857055842876434,0.6051455755203962,-0.004168611019849777
1746738786704936200,44.75493627929688,0.08499581165771353,-0.015572994947433472,0.04194574666489071,0.00766442995518446,0.015447288295290375,0.9985092661052122,0.033545400257766,right,-0.0005876421928405762,-0.06129213397773155,0.830957195161283,-9.75290028963387,-0.03132152254504801,0.012038086540997028,-0.004537731409072876,0.600693454949744,-0.009213361889123917
1746738786744936200,44.79493627929688,0.08525105973112332,-0.013691402971744537,0.04208849753900676,0.007647053804248571,0.015123507191200123,0.9985172264631992,0.03288094412106892,right,-0.0025127530097961426,-0.06073753911862293,0.8334748040053993,-9.753018363055586,-0.031032641099198743,0.018648240715265274,-0.005413249135017395,0.5952648540297523,-0.011979460716247559
1746738786784936200,44.834936279296876,0.0854643602042267,-0.006496233865618706,0.04220919030527892,0.003979471046477556,0.014874264477675524,0.998526956820668,0.03235814986426308,right,-0.004087626934051514,-0.06003927961193661,0.8355903348546475,-9.75325217181146,-0.030674623386256566,0.014144975692033768,-0.005115136504173279,0.5884297473127023,-0.01269960030913353
1746738786824936200,44.874936279296875,0.08547339096030306,-0.002848144853487611,0.04222128411946278,-0.003919814247637987,0.014750296804347886,0.9985347300049818,0.03209255922895682,right,-0.004664719104766846,-0.059632992356033684,0.8356987636651844,-9.753481888914108,-0.03046624535785001,0.004285798408091068,-0.005386076867580414,0.5844525507774204,-0.01210959255695343
1746738786864936400,44.9149365234375,0.08515852268049336,0.006755754351615906,0.04206482271454344,-0.009203607216477394,0.014774258714237983,0.9985431774713671,0.03212480761453197,right,-0.0020120739936828613,-0.05949051137048642,0.8326347729846835,-9.753827341350913,-0.030393467909170344,0.0008462145924568176,-0.005928002297878265,0.5830577719507739,-0.013964738696813583
1746738786904936200,44.954936279296874,0.08482817696902298,0.010822910815477371,0.04189261754067555,-0.009926967322826385,0.014996500738379314,0.9985458516758414,0.03256289077410971,right,-0.0026387572288513184,-0.05956056890984614,0.829409088936448,-9.754061150106788,-0.030435180112332375,-0.009268512949347496,-0.007406510412693024,0.5837435987904668,-0.011741846799850464
1746738786944936200,44.99493627929687,0.08459051196544998,0.011761586181819439,0.04176247557136417,-0.0013939570635557175,0.015272129789962473,0.9985417479244201,0.033122002121718806,right,-0.002915620803833008,-0.05989445856575632,0.8270743623785675,-9.754063488194346,-0.03061176893737774,-0.010937231592833996,-0.007096685469150543,0.5870120990671217,-0.009630464017391205
1746738786984936200,45.03493627929687,0.08440719769091,-0.0020316680893301964,0.041664707220216604,-0.008739187382161617,0.015366339081104385,0.9985387961445149,0.03332038912783823,right,-0.004771292209625244,-0.06025285347369792,0.8252684820003807,-9.754004451483487,-0.030793431015899386,-0.005785343702882528,-0.007793158292770386,0.5905203994490206,-0.010369975119829178
1746738787024936200,45.07493627929688,0.08423707705237121,-0.008344175294041634,0.041586440082272566,0.003792453557252884,0.015167520348749339,0.9985461434669772,0.03291487056735701,right,-0.0037004947662353516,-0.06020465324733041,0.8236115085735917,-9.754172793787717,-0.030759628364965926,0.0005771187134087086,-0.006417229771614075,0.5900485806861892,-0.007805977016687393
1746738787064936200,45.11493627929688,0.08424865924423357,-0.009373479522764683,0.04159798288611765,0.0031172821763902903,0.014940717476256768,0.99854728485318,0.032466510287240444,right,-0.003251016139984131,-0.06033482902725846,0.823718037687987,-9.754086869069933,-0.030815384499550354,-0.01065719686448574,-0.005208231508731842,0.591322874938324,-0.008610174059867859
1746738787104936400,45.1549365234375,0.08431610224933811,-0.007825423032045364,0.04163278212773403,0.0018380532274022698,0.014744833244225274,0.9985409265001762,0.03209863435831933,right,-0.003958940505981445,-0.06085932262078201,0.8243496866550296,-9.753720958366989,-0.031070082232664036,-0.012529266066849232,-0.005015015602111816,0.59645694989115,-0.010025974363088608
1746738787144936400,45.1949365234375,0.08406875441343643,-0.0012923176400363445,0.0415080153476472,-0.008773417212069035,0.014641282505919676,0.9985400465184747,0.03190472024159343,right,-0.001868605613708496,-0.06135726203335823,0.8219120111793279,-9.75362743486464,-0.03131283111895605,-0.014193727634847164,-0.005957216024398804,0.6013309491356834,-0.011331707239151001
1746738787184936200,45.234936279296875,0.0837754516940458,0.01348845474421978,0.041351790455522695,-0.008177638985216618,0.014797197692096179,0.9985355193219575,0.03223067571947041,right,-0.0018404722213745117,-0.06189654851761155,0.8190239615876227,-9.753543263712524,-0.0315866653076755,-0.02489371970295906,-0.006765738129615784,0.6066095105931163,-0.007509157061576843
1746738787224936200,45.274936279296874,0.08357674439410966,0.01464160904288292,0.041233180522340034,-0.003949912264943123,0.015146721616211542,0.998520715143792,0.032961880216769594,right,-0.0008490085601806641,-0.06278059052874378,0.8170407518811523,-9.753168000659347,-0.03204162522703984,-0.019015345722436905,-0.0051138922572135925,0.6152621881261467,-0.007319413125514984
1746738787264936200,45.31493627929687,0.08355433037853911,0.004907496273517609,0.041208853659034206,-0.0008029581513255835,0.015421322292817318,0.9985099454327762,0.033530082326303556,right,-0.000647425651550293,-0.06322723683026614,0.8167991251450032,-9.752911395549773,-0.03227614731932096,-0.005217212252318859,-0.005675561726093292,0.6196335350781679,-0.004748109728097916
1746738787304936200,45.35493627929687,0.08354999460216961,-0.003857376053929329,0.04120577612952437,0.0032395764719694853,0.015430939870324028,0.9985089088627767,0.03355183730038816,right,-0.0010077357292175293,-0.06328939764869387,0.81675367856808,-9.752876324236393,-0.03230759475099676,-0.002100651618093252,-0.005676187574863434,0.6202419493000954,-0.004332102835178375
1746738787344936400,45.3949365234375,0.08374876567933319,-0.004379750229418278,0.04130936719271571,0.008190952241420746,0.015312808157319805,0.9985076065761637,0.0333188629285398,right,-0.0019030570983886719,-0.06322366336021497,0.8186956064160913,-9.752754159161448,-0.03227150010944855,0.004413444083184004,-0.007262177765369415,0.6195986098952591,-0.006903160363435745
1746738787384936400,45.4349365234375,0.08410408113334866,-0.006415072828531265,0.04149517545203144,0.011807464063167572,0.015182767556212265,0.9985093422735611,0.033050358473613796,right,-0.0017131567001342773,-0.0627654817501275,0.8221846175756305,-9.752744806811213,-0.03203991166448701,0.015554916113615036,-0.006690576672554016,0.615114304088056,-0.008750732988119125
1746738787424936200,45.47493627929688,0.08448467743094216,-0.006082710810005665,0.04169790250290956,0.00971515104174614,0.015001565460531092,0.9985156855868168,0.03266767570109496,right,-0.0025336146354675293,-0.06201862026485714,0.8259349830850958,-9.752886261108516,-0.03166196551464567,0.01400737278163433,-0.007066875696182251,0.6078043098682537,-0.009700346738100052
1746738787464936200,45.514936279296876,0.08490067629484403,-0.006914785131812096,0.041914770995017656,0.008905048482120037,0.014826437185364397,0.9985157656954602,0.03231256650690076,right,-0.004176199436187744,-0.06161092643093185,0.8300130461789668,-9.75278806143105,-0.0314541097937228,0.0023543843999505043,-0.005267694592475891,0.6038138519925996,-0.009735394269227982
1746738787504936200,45.554936279296875,0.0852107339329442,-0.006178006064146757,0.042074894865295996,0.006207329221069813,0.01465470504029854,0.9985118474774385,0.03197803265198426,right,-0.0028371214866638184,-0.06160338762809884,0.8330372893709689,-9.752534378930926,-0.031445606587864466,-0.000623706029728055,-0.005658380687236786,0.6037400561040267,-0.012071944773197174
1746738787544936200,45.594936279296874,0.08548163763780764,0.004961917642503977,0.042210763370520196,0.003653429914265871,0.014624975641621032,0.9985062500192812,0.03192786335836986,right,-0.003770887851715088,-0.06162293991526929,0.8356783053990453,-9.752297063043713,-0.03145629237091999,-0.002144521102309227,-0.006917841732501984,0.6039314139576628,-0.011984113603830338
1746738787584936200,45.63493627929687,0.0855708915482718,0.006437848787754774,0.04224984051213642,-0.0026002563536167145,0.014758419512740607,0.9985003318250918,0.03220366641745081,right,-0.005379199981689453,-0.061754650759036626,0.836541863425821,-9.752142749264836,-0.031528526502029794,0.001059745904058218,-0.006802387535572052,0.6052206135179847,-0.013252265751361847
1746738787624936400,45.6749365234375,0.08565489098688299,0.0002130339853465557,0.04229299388982111,0.003835851326584816,0.014767727058466096,0.9985009433115462,0.03221779206624003,right,-0.0034598708152770996,-0.061589255322443595,0.8373696194868534,-9.75217197535932,-0.03144687484136093,0.002400708617642522,-0.005914159119129181,0.6036017436118796,-0.009241871535778046
1746738787664936200,45.71493627929687,0.08576552785328265,-0.006414864677935839,0.0423495834127083,0.004178152419626713,0.014668900783240794,0.9984972487215965,0.03203124005219979,right,-0.0009604096412658691,-0.06177156517654482,0.8384391484145075,-9.751969730785488,-0.031534755117570375,-0.00750698521733284,-0.004665732383728027,0.6053861793432385,-0.008314389735460281
1746738787704936200,45.75493627929688,0.08596455586584753,-0.006031191907823086,0.04244863719892736,0.004220350179821253,0.01451906056203231,0.9984869264756906,0.03176056586930817,right,-0.0027211904525756836,-0.06230426007001209,0.8403522154942155,-9.75147990144193,-0.03179640408005962,-0.01366499625146389,-0.005014374852180481,0.6106000780666246,-0.009465735405683517
1746738787744936200,45.79493627929688,0.08607590805724695,0.0005869278684258461,0.042499353091541535,0.0005380650982260704,0.014456921205198018,0.9984739780580028,0.031671581292132336,right,-0.003357231616973877,-0.06303743112123254,0.8413993133943527,-9.750937465128303,-0.032161333994849946,-0.018230704590678215,-0.006664790213108063,0.6177759245127439,-0.009563248604536057
1746738787784936200,45.834936279296876,0.08615486092166695,0.005459011998027563,0.042528756211327665,0.002281538676470518,0.014566264745535473,0.9984598240176769,0.031923215595521325,right,-0.00014632940292358398,-0.06372693885031121,0.8421323769092559,-9.750444713175296,-0.03251146539443114,-0.015550225973129272,-0.006610602140426636,0.6245240835987032,-0.006178177893161774
1746738787824936200,45.874936279296875,0.08613088120210617,0.0009895293042063713,0.042509999291768054,0.001907642581500113,0.014701427877506215,0.9984543379721328,0.03220425113912148,right,0.0010825395584106445,-0.06398086406468134,0.8418849049542099,-9.75030618148744,-0.03264402507380523,0.003816511482000351,-0.004331730306148529,0.6270091784127056,-0.00694241002202034
1746738787864936400,45.9149365234375,0.08627686265590712,-0.004824895411729813,0.04258595294857514,-0.003071550279855728,0.014710226228488398,0.998456882730566,0.03221072413804424,right,-0.00451427698135376,-0.06361628321281654,0.8433278703041375,-9.750410226383805,-0.03246323476916514,0.011257968842983246,-0.005737826228141785,0.6234411106675863,-0.004069369286298752
1746738787904936200,45.954936279296874,0.08609175320869018,-0.011558142490684986,0.042504854075644416,-0.0005023595876991749,0.014507936024270356,0.9984716541729901,0.031777818413093524,right,-0.00038492679595947266,-0.06311868145123191,0.8415495355200022,-9.750874336764216,-0.032204266625976544,0.01742534525692463,-0.004242062568664551,0.6185710934784263,-0.007287707179784775
1746738787944936200,45.99493627929687,0.08610580917980065,-0.003088821657001972,0.04252622738387026,0.0012760837562382221,0.01433119814210604,0.998488572985165,0.03138327198420564,right,-0.002029120922088623,-0.062178074945892614,0.8417362902637571,-9.751437815865874,-0.03172641300484241,0.029127877205610275,-0.005848690867424011,0.6093650198463351,-0.010013673454523087
1746738787984936200,46.03493627929687,0.08610604827562274,0.004334192257374525,0.04253831513142296,0.002426902297884226,0.01432830945384436,0.9985085411244472,0.03132107453255154,right,-0.0025894641876220703,-0.06088287483751878,0.8418057753033935,-9.752215814501046,-0.031078488998329535,0.03165373578667641,-0.004297636449337006,0.5966874707113952,-0.011008266359567642
1746738788024936200,46.07493627929688,0.08621319085055393,0.002223037648946047,0.04260103318645768,0.005762144923210144,0.014390781070236423,0.9985237340316458,0.03139613995994138,right,-0.0028918981552124023,-0.059658285523312635,0.8429129328276962,-9.752845929098129,-0.030469494925377403,0.02417420968413353,-0.003326818346977234,0.5847001688629389,-0.009194131940603256
1746738788064936200,46.11493627929688,0.0863870968274945,-0.0010669338516891003,0.042694971506759716,0.0029489442240446806,0.014392717180540235,0.9985316107564203,0.03137065546196796,right,-0.0038968920707702637,-0.05886470132514924,0.8446487436443567,-9.75315864830911,-0.03007401317176643,0.01074560172855854,-0.0029845833778381348,0.5769314345575869,-0.008608151227235794
1746738788104936400,46.1549365234375,0.08641599949952034,-0.001227338332682848,0.04271307149363701,0.00015829154290258884,0.014356969894425572,0.9985356748489874,0.03128741756261404,right,-0.0022864341735839844,-0.05857842934782372,0.8449448770467192,-9.753298349040746,-0.02992952372353386,0.004107682500034571,-0.003520376980304718,0.5741289078248665,-0.011555079370737076
1746738788144936400,46.1949365234375,0.08637391707920389,0.00794995203614235,0.0426903240536466,-0.005198092199862003,0.014441707167637177,0.9985367129925335,0.03145211492207238,right,-0.0021771788597106934,-0.058492186668141474,0.8445387073986231,-9.75338310471475,-0.029889677737798822,-0.000269508920609951,-0.0050517842173576355,0.5732846024878323,-0.01270982250571251
1746738788184936200,46.234936279296875,0.08601292798357504,0.0021041654981672764,0.04250734350352881,-0.006052459590137005,0.014570295477598156,0.9985440496219066,0.031694429659069295,right,-0.000841975212097168,-0.05839031913893522,0.8410228082321584,-9.753745508286356,-0.02984136469260228,0.005968641489744186,-0.004027709364891052,0.5722873350787907,-0.011855039745569229
1746738788224936200,46.274936279296874,0.08583977377609427,-0.00010498007759451866,0.04242080177408751,-0.0034885606728494167,0.01463861978465615,0.9985497373015385,0.03181727208295889,right,-0.0014946460723876953,-0.058186887559139054,0.8393438421692698,-9.754006789571045,-0.029741144005647563,0.0012801168486475945,-0.005500473082065582,0.5702957228701562,-0.0074925534427165985
1746738788264936200,46.31493627929687,0.08569932183451012,-0.003724209265783429,0.04235235453046954,0.00025083497166633606,0.014615776099714699,0.9985545744100626,0.03176292832547148,right,-0.0008089542388916016,-0.058085184137939436,0.8379788374263792,-9.754182146137952,-0.029688188343512337,-0.00027177855372428894,-0.0039029642939567566,0.5693000263636931,-0.005976200103759766
1746738788304936200,46.35493627929687,0.08562133457971231,-0.006435778923332691,0.04231773040047685,-0.005122134927660227,0.01448235770304336,0.9985587213637049,0.03149189824181086,right,-0.002694845199584961,-0.05805076742057203,0.8372197626873851,-9.754266901811956,-0.029664699997958996,0.0021318255458027124,-0.006282046437263489,0.5689630860269069,-0.008352275937795639
1746738788344936400,46.3949365234375,0.08536774290587607,0.0024459101259708405,0.04219523179277443,-0.004626212641596794,0.014411148482510126,0.9985680686498974,0.03133278393386006,right,-0.0018796920776367188,-0.05784328372650331,0.8347562221180647,-9.75459657215774,-0.02955592047008366,0.004883003421127796,-0.00677972286939621,0.5669317993950098,-0.011424809694290161
1746738788384936400,46.4349365234375,0.0851431716170773,0.01657455787062645,0.04207854560970557,-0.008754091337323189,0.014648996420668947,0.9985730821423877,0.031791359127809886,right,-0.004406929016113281,-0.057584227179377646,0.8325780012961477,-9.754929749634861,-0.02943461329806965,0.003758390201255679,-0.006508193910121918,0.5643955589156597,-0.010463513433933258
1746738788424936200,46.47493627929688,0.08483232120700228,0.011243664659559727,0.041918127537556575,-0.003979427274316549,0.014929274775717795,0.9985800023420137,0.03233012745792923,right,-0.002655029296875,-0.05727134633460967,0.8295606262363493,-9.755363464877009,-0.029287416839875815,0.0074079521000385284,-0.00504535436630249,0.561332298887521,-0.008392203599214554
1746738788464936200,46.514936279296876,0.0845487693873271,-0.004767904989421368,0.041778818742519076,-0.008421188220381737,0.014974894092037772,0.9985906808129655,0.03239719027839377,right,-0.0021776556968688965,-0.05689740684528692,0.8268120581805706,-9.755807116991281,-0.029100000914005407,0.005546495318412781,-0.005639180541038513,0.5576711825640872,-0.005204293876886368
1746738788504936200,46.554936279296875,0.0843263106382279,-0.00634769257158041,0.041675113098821076,0.0013089263811707497,0.014807952583422702,0.9986015932892077,0.032045207313545696,right,-0.0003364682197570801,-0.05663595058265777,0.824654076429084,-9.756135618293285,-0.028960460384554056,0.009737960994243622,-0.005797140300273895,0.5551113054808229,-0.01042015478014946
1746738788544936200,46.594936279296874,0.08437136297481597,0.0003416575491428375,0.04170528153429758,0.004955704789608717,0.014719701388903494,0.9986098149501944,0.03184586503525319,right,-0.0011157989501953125,-0.056075713742600466,0.8251196481142192,-9.756406836450099,-0.028676920591670634,0.01538960449397564,-0.006396278738975525,0.5496259694049135,-0.011060919612646103
1746738788584936200,46.63493627929687,0.08442474327582337,0.0037118420004844666,0.041737402603623484,0.0032747399527579546,0.014771893571226984,0.998618510216811,0.03191939291299834,right,-0.00231856107711792,-0.05531343884018413,0.8256755284313112,-9.756777423328161,-0.028298252818866925,0.017278607934713364,-0.0048499926924705505,0.5421621728628874,-0.010550066828727722
1746738788624936400,46.6749365234375,0.08447979030182498,0.0030714867170900106,0.041768988037757415,0.002172581385821104,0.014865057621320893,0.998626068000277,0.03207612092104027,right,-0.0014143586158752441,-0.054577729000174165,0.8262460948608815,-9.757126967418193,-0.027934597482618263,0.012540025636553764,-0.00392121821641922,0.534958232833445,-0.009633231908082962
1746738788664936200,46.71493627929687,0.08438421546297194,0.0011458839289844036,0.04172305809481097,-0.0013250152114778757,0.01490326503667046,0.9986316587694606,0.032136871433428964,right,-0.0019392967224121094,-0.05427071524772223,0.8253272995155304,-9.757368959480523,-0.02778186410595562,-0.00032858364284038544,-0.0043948739767074585,0.5319519271569326,-0.010704629123210907
1746738788704936200,46.75493627929688,0.08426491026472616,0.006643780507147312,0.04166107199347209,0.0007758678402751684,0.014961957501700264,0.9986320530672198,0.032254929506944176,right,-0.001681208610534668,-0.05436068167239764,0.824159205584228,-9.757419228363036,-0.027828355018452162,-0.004746975842863321,-0.005328178405761719,0.5328328747099265,-0.010900147259235382
1746738788744936200,46.79493627929688,0.08411568117525195,0.006952737923711538,0.041578543744362526,-0.0033534204121679068,0.015101720976532415,0.9986269448276102,0.0325498066781558,right,-0.002892434597015381,-0.05481044888843966,0.8226828494213521,-9.7573023239851,-0.028057937438798045,-0.012535769492387772,-0.007211826741695404,0.5372370279530063,-0.012227483093738556
1746738788784936200,46.834936279296876,0.0838985217272235,0.0003826981410384178,0.041466565136620975,0.0030861434061080217,0.015156555118876208,0.9986275977899813,0.03266304296153389,right,-0.0003027915954589844,-0.055034835542884096,0.820553801503405,-9.757360776174067,-0.028170680715110794,-0.0034598084166646004,-0.006462112069129944,0.5394341726711019,-0.009426645934581757
1746738788824936200,46.874936279296875,0.08395687890082755,-0.008192646317183971,0.04149622294369715,0.004258965607732534,0.015072371056981521,0.9986249825327315,0.0325044536641482,right,-0.0008043050765991211,-0.05523184170013437,0.8211142849303782,-9.75720646239519,-0.028266195319742487,-0.0041635301895439625,-0.005212090909481049,0.541363204504922,-0.00759420171380043
1746738788864936400,46.9149365234375,0.08412794631239323,-0.00943403784185648,0.04158478074951321,0.0064056310802698135,0.014861401708380743,0.9986203776619478,0.0320995465136434,right,-0.0017399191856384277,-0.05553212736638884,0.8227697239872067,-9.756903680056332,-0.02840899679107073,-0.005150837358087301,-0.004256777465343475,0.544303495740518,-0.009742505848407745
1746738788904936200,46.954936279296874,0.08412146181114183,-0.0012771831825375557,0.041583332614722475,-0.0014294153079390526,0.014726170746837323,0.9986194231672719,0.03183810740357134,right,-0.002095937728881836,-0.05575738795694022,0.8226961472943425,-9.756786775678396,-0.02851598270344729,-0.005724344868212938,-0.004879362881183624,0.546509116026014,-0.009918756783008575
1746738788944936200,46.99493627929687,0.0840290419832824,0.01586344838142395,0.041531334204773486,-0.0011393721215426922,0.014832873918126538,0.99861550326245,0.03206229647568176,right,-0.0013690590858459473,-0.05606634002346128,0.8217802014932036,-9.756693836697936,-0.02867421398063356,-0.009800457395613194,-0.004881970584392548,0.5495341994682327,-0.00884830579161644
1746738788984936200,47.03493627929687,0.08393616523802575,0.012224661186337471,0.04147276061020281,-0.00897316075861454,0.015148999092684193,0.9986079866479153,0.032707074090402896,right,-0.0020884275436401367,-0.05640359304568674,0.8208584835384041,-9.756585115626454,-0.02885528328421896,-0.007846378721296787,-0.0067840442061424255,0.5528362732209265,-0.007393836975097656
1746738789024936200,47.07493627929688,0.08396822590142064,0.0050972518511116505,0.04148234322832343,-0.0023108632303774357,0.015391319350316408,0.9986043924646786,0.033190685404263454,right,-0.003789067268371582,-0.056341671849848646,0.8211741253588348,-9.75659271441102,-0.02883464395365489,0.0011687064543366432,-0.006231613457202911,0.5522300144234672,-0.00494186207652092
1746738789064936200,47.11493627929688,0.08390116193365388,-0.007265734951943159,0.04145052915761043,-0.0017740530893206596,0.015364839587266602,0.9986074931766914,0.03313178144022751,right,-0.001951754093170166,-0.05624898470000303,0.8205241370175034,-9.756698512873053,-0.028786630266524588,-0.0007245606975629926,-0.005347728729248047,0.5513225076571107,-0.007133461534976959
1746738789104936400,47.1549365234375,0.08399887261396743,-0.004543375223875046,0.04150460166394023,0.004593598656356335,0.015231106149296974,0.9986096965125156,0.03286011167594352,right,-0.002094447612762451,-0.056092536201901806,0.8214846526127308,-9.75670435809195,-0.028703630831194954,0.007211717776954174,-0.006642095744609833,0.5497906584473327,-0.010627523064613342
1746738789144936400,47.1949365234375,0.08410256690680884,0.00098142446950078,0.0415610712129829,0.005668473429977894,0.01519981546484416,0.9986137422122925,0.03278301876117292,right,-0.0021208524703979492,-0.05568330717373912,0.8225151647042482,-9.756842305257916,-0.028498494909765006,0.009121746756136417,-0.005549304187297821,0.5457837608935311,-0.012136448174715042
1746738789184936200,47.234936279296875,0.08430369153675572,0.002018341328948736,0.04166307480540652,0.004736153408885002,0.015261203894952823,0.998613633727437,0.03289622317342612,right,-0.0031862258911132812,-0.05532010949314521,0.8244941366270184,-9.756873869439959,-0.028321040842662515,0.004733474459499121,-0.005103975534439087,0.5422274931840598,-0.009701579809188843
1746738789224936200,47.274936279296874,0.08442081147986473,-0.0012066918425261974,0.04172090684736629,0.0027602282352745533,0.015284805224221609,0.9986108912718391,0.03294649937171244,right,-0.0030246376991271973,-0.05531276988084376,0.8256372422475368,-9.756780930459499,-0.028319319182783905,-0.004520415794104338,-0.004985302686691284,0.5421556335242464,-0.010341174900531769
1746738789264936200,47.31493627929687,0.08457315729780274,0.00041833636350929737,0.04179430721273027,0.0014819373609498143,0.015263717763915403,0.9986033042528728,0.032923141029098456,right,-0.002451002597808838,-0.055653088086854104,0.8271079723872243,-9.756470549336075,-0.028489910144427175,-0.011597421020269394,-0.004393666982650757,0.5454878832194954,-0.01177842915058136
1746738789304936200,47.35493627929687,0.0846180030106522,0.0020551455672830343,0.04180986233141677,-0.002435317263007164,0.015307255738692812,0.9985934704982555,0.03303687000384362,right,-0.0040978193283081055,-0.056243136266226436,0.827518160623312,-9.756111068373919,-0.028787228705145076,-0.015271676704287529,-0.00513603538274765,0.5512652245119214,-0.011797867715358734
1746738789344936400,47.3949365234375,0.08454167671289839,0.00610736757516861,0.04176192901011236,-0.001331523759290576,0.01540788334641506,0.9985832091873246,0.03326745385022131,right,-0.000643312931060791,-0.05697376376349174,0.8267392852053046,-9.755770292112231,-0.02915624416278512,-0.02036966197192669,-0.006549336016178131,0.5584187495283782,-0.010618031024932861
1746738789384936400,47.4349365234375,0.08424717921444264,0.0011470909230411053,0.041608401771363636,0.00032447814010083675,0.01545005286096767,0.9985806643159305,0.03336732742863589,right,0.002875089645385742,-0.05753716311816438,0.8238396182410419,-9.755698395919799,-0.029437344481184336,-0.0073570916429162025,-0.003779672086238861,0.5639347730034961,-0.01112397015094757
1746738789424936200,47.47493627929688,0.08434326074149524,-0.0025880150496959686,0.041653312736617376,0.004723900929093361,0.01546066841166467,0.9985744258122178,0.03340348389697385,right,-0.0006964206695556641,-0.0578198031476703,0.8247634550876914,-9.755459910988806,-0.02957995248130091,-0.007438670378178358,-0.002894386649131775,0.5667018996292725,-0.006606891751289368
1746738789464936200,47.514936279296876,0.08447619481296484,-0.013752367347478867,0.04172061747386757,0.003858425421640277,0.01528237218826145,0.9985678001553382,0.03306962600332305,right,-0.000918269157409668,-0.058271511035108886,0.8260385895900427,-9.755094000285863,-0.029799538470593634,-0.009395060129463673,-0.0024428442120552063,0.5711242095835507,-0.006926964968442917
1746738789504936200,47.554936279296875,0.08447566143769643,-0.010070040822029114,0.04172531480757063,-0.0010389250237494707,0.01499001654251842,0.998566388890541,0.032501212763921115,right,-0.0031425952911376953,-0.05867282970928956,0.826014039670676,-9.754865452226996,-0.029988040325897684,-0.00788557343184948,-0.004654675722122192,0.5750530734650791,-0.009697500616312027
1746738789544936200,47.594936279296874,0.08437188479715914,0.006493907421827316,0.041671665470925455,0.000024031498469412327,0.014935643074223444,0.9985639345854207,0.03240523015930261,right,-0.0029988884925842285,-0.0590484760323635,0.8249833814486861,-9.754735103845595,-0.03017280711597984,-0.009720820002257824,-0.00541745126247406,0.578730519868806,-0.010601792484521866
1746738789584936200,47.63493627929687,0.08434091596100152,0.016836952418088913,0.041643776264472424,-0.0018668241100385785,0.01522577356839481,0.998554484879996,0.03300188161000415,right,-0.003091096878051758,-0.059434837090543605,0.8246624058660119,-9.754536950924992,-0.030377895921594955,-0.009263448417186737,-0.0062002986669540405,0.5825127783538774,-0.008166119456291199
1746738789624936400,47.6749365234375,0.08426162764907077,0.009356027469038963,0.04159650173698136,0.0010193049674853683,0.015483660242842761,0.998552385730584,0.033515446964529065,right,-0.0017946362495422363,-0.05942210856667173,0.82388959486261,-9.754610016161203,-0.03038161944504034,0.004587901756167412,-0.006073124706745148,0.5823881655935198,-0.006587404757738113
1746738789664936200,47.71493627929687,0.08419281644186817,-0.00391690619289875,0.041566468721761146,-0.0018572778208181262,0.015484577747228391,0.9985604145323868,0.03349608632575366,right,-0.002722501754760742,-0.058973826980455474,0.8232402641084045,-9.754925657981634,-0.030156876930910605,0.010861841961741447,-0.006794564425945282,0.5779997213762254,-0.005962241441011429
1746738789704936200,47.75493627929688,0.08409480439221641,-0.003322206437587738,0.041526428786970014,0.0034500854089856148,0.015352997881430002,0.998571971462406,0.03320785065656547,right,-0.0006086826324462891,-0.058463075419878205,0.8223088284771889,-9.755299167469143,-0.029895134937074762,0.013114716857671738,-0.006345763802528381,0.5729996115339919,-0.00879506766796112
1746738789744936200,47.79493627929688,0.08419752389464917,0.0024343901313841343,0.04158323194962152,0.0033622104674577713,0.015359127008461095,0.9985784234575524,0.03319753509365913,right,-0.0016895532608032227,-0.057860674569386226,0.8233397789601236,-9.755556941622496,-0.02959495117401937,0.01342551689594984,-0.006770581007003784,0.567102041395381,-0.01011771708726883
1746738789784936200,47.834936279296876,0.08435177050264411,0.000794375198893249,0.04166425446930458,0.002625969471409917,0.015412597466494142,0.9985828933750535,0.033283889236418514,right,-0.0021344423294067383,-0.057267610782742895,0.8248727606810629,-9.755763277849555,-0.029301835026067393,0.012374845333397388,-0.005524434149265289,0.5612957297367975,-0.008957576006650925
1746738789824936200,47.874936279296875,0.08449370484545031,-0.013431220315396786,0.041742187623657785,0.0020826058462262154,0.015295371875015727,0.9985873083136522,0.03303662574602177,right,-0.002816617488861084,-0.05687817314486718,0.8262757593467831,-9.755863231092691,-0.02910333136197427,0.006273087579756975,-0.005063489079475403,0.5574828569177538,-0.007078643888235092
1746738789864936400,47.9149365234375,0.08461887741828537,-0.020418819040060043,0.04181726354046351,0.0073949736542999744,0.014880019713167847,0.9985917621614303,0.03220594880551918,right,-0.001017153263092041,-0.05682100581353183,0.8274996020533144,-9.755791334900259,-0.029058380373062083,-0.0011121765710413456,-0.005784377455711365,0.5569231406757608,-0.010707180947065353
1746738789904936200,47.954936279296874,0.08499490108486808,-0.011169345118105412,0.042011934669791084,0.012915322557091713,0.01455896574066733,0.9985850250090569,0.03158451685294367,right,-0.0027396678924560547,-0.057068661680444534,0.8311562248647213,-9.75534183756709,-0.029171772420528888,-0.007896661758422852,-0.006575621664524078,0.5593478836046532,-0.010817881673574448
1746738789944936200,47.99493627929687,0.08534958327054977,-0.001301988959312439,0.042187465965730364,0.008260268718004227,0.014459036328254881,0.9985721225589206,0.03141528854218128,right,-0.0023845434188842773,-0.05754498528824947,0.834593432771787,-9.754779527509212,-0.029408597589032654,-0.010000767186284065,-0.005891419947147369,0.5640113453710451,-0.011378515511751175
1746738789984936200,48.03493627929687,0.08548190655132555,0.0039472575299441814,0.042248855965885936,0.005627448670566082,0.01449134698956235,0.9985630530071397,0.031501287432186276,right,-0.002729654312133789,-0.05794728075379743,0.8358647678818553,-9.754442258378862,-0.029612222087553527,-0.008809516206383705,-0.006429366767406464,0.5679499269289896,-0.011439040303230286
1746738790024936200,48.07493627929688,0.0856276170762619,0.0043311957269907,0.04232091068959121,0.015212133526802063,0.014485727537488264,0.9985587475134255,0.031498143262570145,right,-0.00009572505950927734,-0.058034819137641115,0.8372818681381642,-9.754270993465184,-0.029656915963092022,-0.00040273088961839676,-0.005078405141830444,0.5688069456171244,-0.011628858745098114
1746738790064936200,48.11493627929688,0.0861232216652986,0.0019230649340897799,0.042566358283545776,0.013841936364769936,0.014520452550623815,0.9985463720603583,0.03158597555662818,right,-0.0021136999130249023,-0.05811662649092477,0.8421119917083532,-9.753808636650442,-0.02970321860827256,-0.00539438147097826,-0.005499154329299927,0.5696078502038493,-0.008245576173067093
1746738790104936400,48.1549365234375,0.08661938808849554,-0.004448413848876953,0.042810636784519206,0.014329013414680958,0.014498831054835787,0.9985298235553485,0.03157591335170284,right,-0.0014451146125793457,-0.058538684227224365,0.8469304979059845,-9.753148711436987,-0.029917316313985677,-0.013259481638669968,-0.003697700798511505,0.5737397989094257,-0.006654582917690277
1746738790144936400,48.1949365234375,0.0868675140880899,-0.003232127521187067,0.04293189948488391,0.001728287898004055,0.014391121351567561,0.9985168428068337,0.03139517530980381,right,-0.0029085278511047363,-0.05916625141845179,0.8493190735429524,-9.752578218072653,-0.030228540577739316,-0.01583925448358059,-0.004689641296863556,0.5798834892962128,-0.008916068822145462
1746738790184936200,48.234936279296875,0.08686154487598632,0.015243805944919586,0.04292124735083326,0.002032235963270068,0.014508971506723192,0.9985086436678183,0.03165063576473966,right,-0.002018749713897705,-0.05961224167468064,0.8492383364569396,-9.752324535572528,-0.030456635556869133,-0.008558234199881554,-0.004847988486289978,0.5842494294207543,-0.010031968355178833
1746738790224936200,48.274936279296874,0.08691442257771723,0.02461017295718193,0.04293228451299057,-0.004164484329521656,0.014956427447372139,0.9984982082044589,0.03255634877567191,right,-0.002693653106689453,-0.0597907394069425,0.8497449708048254,-9.752175482490658,-0.030565577297219506,-0.00040145404636859894,-0.006817363202571869,0.5859967845447361,-0.009317930787801743
1746738790264936200,48.31493627929687,0.08703020968956712,0.010032359510660172,0.042980961045282595,0.0023478902876377106,0.015366718339761404,0.9984948125819157,0.033365801391908985,right,-0.004181027412414551,-0.059429429983870644,0.8508925334047526,-9.752287126171588,-0.030403465962553472,0.008103268221020699,-0.004995137453079224,0.5824598425902426,-0.002032008022069931
1746738790304936200,48.35493627929687,0.08719521432611439,-0.011235738173127174,0.04306925507460205,0.0020653267856687307,0.015306069224564633,0.998498602789268,0.033230302781086435,right,-0.0030904412269592285,-0.058997767302200334,0.8525234956074506,-9.752396431764959,-0.030186316306132666,0.011812258511781693,-0.004480451345443726,0.5782340781213715,-0.004020053893327713
1746738790344936200,48.39493627929688,0.0874148382216502,-0.010529032908380032,0.043193859557494746,0.008554786443710327,0.01500269488107936,0.9985074724062787,0.03260173461363558,right,-0.0024692416191101074,-0.05837478444629318,0.8546966018628328,-9.75256594311297,-0.029863414745314714,0.020172301679849625,-0.004218168556690216,0.5721352497896179,-0.009644638746976852
1746738790384936400,48.4349365234375,0.08773189616861317,-0.001021403819322586,0.04336474996198588,0.007977928034961224,0.01483356764185811,0.9985150664818858,0.03223596908763213,right,-0.0031262636184692383,-0.057552224398488394,0.857829639191553,-9.752760004380345,-0.02944721027743154,0.020169958472251892,-0.0037536248564720154,0.5640822186501696,-0.01243169978260994
1746738790424936200,48.47493627929688,0.08792814266799048,0.002395347459241748,0.043470595952069674,0.0034919879399240017,0.014825155837947255,0.9985226710316251,0.03218814594491939,right,-0.003023862838745117,-0.05672521069745587,0.8597842073254287,-9.753052849847078,-0.029034749404817452,0.01501373015344143,-0.00334717333316803,0.5559852387711406,-0.010746326297521591
1746738790464936200,48.514936279296876,0.08787982241243175,-0.002510705729946494,0.043450183482274946,-0.005576135125011206,0.014836143077232121,0.9985295687256865,0.03218960388348172,right,-0.003412902355194092,-0.056294295148197955,0.8593339062746613,-9.753331666788458,-0.028819293249822197,0.0037913285195827484,-0.0036114901304244995,0.5517661232387646,-0.010877277702093124
1746738790504936200,48.554936279296875,0.0875943243305429,0.00022869138047099113,0.04330683757229843,-0.006259312853217125,0.014828859726785626,0.9985341971183496,0.03217219160300172,right,-0.001241922378540039,-0.05641660863085102,0.8565433987732977,-9.753509361442923,-0.028877863247594403,-0.010894572362303734,-0.0035259798169136047,0.5529636989928781,-0.011222884058952332
1746738790544936200,48.594936279296874,0.08745402214237878,0.009304355829954147,0.0432279982957895,-0.0047161029651761055,0.014975952939403252,0.9985281044010165,0.03248444700416937,right,-0.0028224587440490723,-0.05690731168776897,0.8551511406973004,-9.753357970273495,-0.029128555404797345,-0.015097145922482014,-0.00581447035074234,0.557768140132539,-0.010992873460054398
1746738790584936200,48.63493627929687,0.08716426811394361,0.010884948074817657,0.043071966821483655,-0.009997144341468811,0.015232173149632804,0.9985245877633195,0.033007800585996803,right,-0.001563429832458496,-0.05732951794568719,0.8523044460292905,-9.753370245233178,-0.029348440306248915,-0.006889547221362591,-0.004826471209526062,0.5619018058711662,-0.010034538805484772
1746738790624936400,48.6749365234375,0.08687755500754747,0.010265808552503586,0.04291938019486999,-0.007134581916034222,0.015513907754225661,0.9985245660837425,0.033569518997143305,right,-0.0012044310569763184,-0.057462538900311694,0.8495015174377709,-9.753539756581187,-0.02942472209440649,-0.004786794073879719,-0.006417013704776764,0.5632041571740061,-0.008567865937948227
1746738790664936200,48.71493627929687,0.08639822263467847,0.0007980326190590858,0.04267723263682092,-0.0034751759376376867,0.015627627355548346,0.9985336718404317,0.03378176495815715,right,0.0022690296173095703,-0.057430408252187,0.8448278265383095,-9.75396353495121,-0.029409489584406194,0.0030552074313163757,-0.0029335618019104004,0.5628895747995004,-0.010612715035676956
1746738790704936200,48.75493627929688,0.08622033287286318,-0.000515711260959506,0.04258834045890145,-0.004157293122261763,0.01562112845878264,0.9985371010273612,0.033765065583198806,right,0.00007969141006469727,-0.0574660903955251,0.8430909197431057,-9.75409388333261,-0.02942555792838101,-0.0033181062899529934,-0.005187630653381348,0.5632389362264424,-0.00849965587258339
1746738790744936200,48.79493627929688,0.08604126203431071,-0.0011355287861078978,0.04249714780385421,-0.0010494943708181381,0.015601532394819385,0.9985376663918324,0.033731520672285076,right,0.00028711557388305664,-0.05771833034497721,0.8413320203118025,-9.754102651160954,-0.02954937591729638,-0.006959705147892237,-0.004990413784980774,0.565708468145132,-0.008311167359352112
1746738790784936200,48.834936279296876,0.0857951900477118,-0.000038705067709088326,0.0423720731756627,-0.007901054807007313,0.015567358287896639,0.9985384786645309,0.03367077758894088,right,-0.002329885959625244,-0.058063568383542985,0.8389149492327124,-9.754114341598749,-0.029718529598024304,-0.01031692884862423,-0.00512976199388504,0.5690884294396266,-0.009484048932790756
1746738790824936200,48.874936279296875,0.08543894648083666,0.00936316791921854,0.04218770757321159,-0.007554899901151657,0.015653867351367253,0.9985385983127422,0.03385163635304847,right,-0.0027570128440856934,-0.05848429588500966,0.8354195813976227,-9.754172793787717,-0.02992962073313615,-0.011055261828005314,-0.006547518074512482,0.5732073360005393,-0.00996539369225502
1746738790864936400,48.9149365234375,0.08512343807559065,0.02002549357712269,0.04201618378523601,-0.010408531874418259,0.015990524713482963,0.9985339742199117,0.034534120280165,right,-0.0024660229682922363,-0.05889371909649737,0.832321980708465,-9.754201435360311,-0.03014589539289554,-0.009849290363490582,-0.007214099168777466,0.5772155121959746,-0.009687021374702454
1746738790904936200,48.954936279296874,0.08482813609988124,0.015177732333540916,0.041857976731217,-0.006741209886968136,0.016325942777775874,0.9985336891144394,0.035200346658662084,right,-0.0034461617469787598,-0.05897105592979137,0.8294377305090427,-9.754402510890364,-0.03019608898264071,-0.0003124605864286423,-0.006777524948120117,0.5779726141735911,-0.006343871355056763
1746738790944936200,48.99493627929687,0.0844628366522462,-0.00010427553206682205,0.04167269644893357,-0.007561233825981617,0.016459218415575617,0.998540654641707,0.03545215386950706,right,-0.002002418041229248,-0.05887548434019502,0.8258790151141583,-9.754759653764962,-0.0301506385391862,0.0021546774078160524,-0.006420113146305084,0.5770369772912934,-0.004026837646961212
1746738790984936200,49.03493627929687,0.08431176845350646,-0.0010741257574409246,0.04160164732074583,0.0007809018716216087,0.016392386783281303,0.998548295034235,0.03530403333807403,right,0.00015103816986083984,-0.058648267701953936,0.8244163952156901,-9.755014505308866,-0.030032875266901973,0.010566388256847858,-0.007214933633804321,0.5748126157727093,-0.009086154401302338
1746738791024936200,49.07493627929688,0.08436880042394576,0.0004991017049178481,0.041638610018573746,0.0029756806325167418,0.016328323233443836,0.9985576706278045,0.03514938539594817,right,-0.0005275607109069824,-0.05799170550926492,0.8250044242367148,-9.75534183756709,-0.029702332358372177,0.020799268037080765,-0.0070710331201553345,0.5683848842801525,-0.010179992765188217
1746738791064936200,49.11493627929688,0.08456159475239076,-0.0028351307846605778,0.04174354626375599,0.006529391743242741,0.01629407134304534,0.9985653192513134,0.03505334446547073,right,-0.001757204532623291,-0.05721681029682199,0.826922094426304,-9.755618316420913,-0.02931502820599565,0.012999302707612514,-0.005023971199989319,0.5607983381412923,-0.008706051856279373
1746738791104936400,49.1549365234375,0.08472941306103604,-0.007474512327462435,0.04183298627715033,0.0034193163737654686,0.01616751939547176,0.9985666299993198,0.03479613172891419,right,-0.002531290054321289,-0.05701466661903731,0.8285688387200236,-9.755592012935876,-0.029210095645396263,-0.003376525826752186,-0.005548886954784393,0.5588192200880497,-0.010276567190885544
1746738791144936400,49.1949365234375,0.08491705764510409,-0.0026985248550772667,0.04192689648747739,0.0036243542563170195,0.016042121385913325,0.9985598442038708,0.03456512268207818,right,-0.0032715201377868652,-0.05735572480211255,0.8303831946656107,-9.755245975977182,-0.029377045377658274,-0.013589801266789436,-0.005909867584705353,0.5621584109807387,-0.010410431772470474
1746738791184936200,49.234936279296875,0.08503763881122552,0.00714582484215498,0.04197905768347202,0.0038928037974983454,0.016072313708340606,0.9985464678585559,0.03466002648797893,right,-0.0026155710220336914,-0.05807324432036619,0.8315250581771135,-9.754741533586381,-0.029738229959811187,-0.019806697964668274,-0.0054435208439826965,0.569183158518374,-0.010145705193281174
1746738791224936200,49.274936279296874,0.08518576309910798,0.007955402135848999,0.0420414425755603,-0.00042965845204889774,0.0162526489385735,0.9985315371163423,0.035052040291059273,right,-0.0033777356147766113,-0.058685448783598326,0.8329401126068084,-9.754269239899516,-0.030053301621583893,-0.01572093740105629,-0.007212609052658081,0.5751765902468934,-0.008957251906394958
1746738791264936200,49.31493627929687,0.08506717802468186,-0.001459496095776558,0.04197665521168643,-0.008088887669146061,0.0163995434784452,0.9985298093848698,0.0353478835110949,right,-0.003175199031829834,-0.05880601538562698,0.8317774985682219,-9.754298465994,-0.030118742241189614,0.006696801632642746,-0.0064383745193481445,0.5763569226052612,-0.008425615727901459
1746738791304936200,49.35493627929687,0.08511966851509781,-0.007207883056253195,0.042009210668700274,0.0032522892579436302,0.016335652863317077,0.9985362259276601,0.0352024475639143,right,-0.002835094928741455,-0.05836401200871086,0.8323110939882695,-9.754507724830507,-0.029895449499483313,0.0051537370309233665,-0.005708634853363037,0.5720297801211476,-0.004503987729549408
1746738791344936200,49.39493627929688,0.0852262821755909,-0.009054221212863922,0.04207001982882778,0.004952017683535814,0.016143026461048114,0.9985398427997954,0.03481174928407543,right,-0.0016175508499145508,-0.05817689248527543,0.8333601646497845,-9.754525845009088,-0.02979468282907399,-0.00010586529970169067,-0.0045677125453948975,0.5701978885188699,-0.006752096116542816
1746738791384936400,49.4349365234375,0.085399367094231,-0.008667421527206898,0.04216258774664345,0.0041125318966805935,0.015962780456891867,0.9985402013177378,0.03445217977339745,right,-0.0030753612518310547,-0.05809102633995941,0.835052647781372,-9.754429983419179,-0.029745634689430665,0.0016150000737980008,-0.005142077803611755,0.5693572364436462,-0.007026202976703644
1746738791424936200,49.47493627929688,0.08544136530932815,-0.0020343223586678505,0.042186224822057215,0.002263020258396864,0.01588374114965472,0.9985410774023933,0.03429365312407059,right,-0.0025490522384643555,-0.05805706686180605,0.835464005061239,-9.754414201328158,-0.02972567133397512,0.00016396353021264076,-0.005185365676879883,0.5690247530862689,-0.009010329842567444
1746738791464936200,49.514936279296876,0.08550235225539142,0.009250386618077755,0.04221416373653321,0.004309525713324547,0.01598479033687173,0.9985389485847964,0.034495558195626476,right,0.000344693660736084,-0.058003807329724794,0.8360614594977348,-9.754393158540129,-0.029703827240254232,0.00007323348108911887,-0.006179347634315491,0.5685033595606684,-0.008963014930486679
1746738791504936200,49.554936279296875,0.08545603483059916,0.00836988352239132,0.0421896998040452,0.007528973743319511,0.016149276812386912,0.9985424331531396,0.03480826766788061,right,0.0012726783752441406,-0.057648539881965305,0.8356268674727528,-9.7546328125149,-0.029532686055733646,0.013048538006842136,-0.004139930009841919,0.5650251985887065,-0.00789143517613411
1746738791544936200,49.594936279296874,0.0855133152537123,-0.004266231320798397,0.04222300097292894,-0.002441130578517914,0.016181880639700028,0.9985488910679176,0.03485050684592379,right,-0.0027640461921691895,-0.05707650857420534,0.8362130698628724,-9.754905199715495,-0.029248452085352428,0.012140349484980106,-0.00393155962228775,0.5594247117005289,-0.00344264879822731
1746738791584936200,49.63493627929687,0.08549409140304312,-0.007073693908751011,0.04222553137769368,0.0034728804603219032,0.01599492349864484,0.9985618571893694,0.034446269762009644,right,-0.0006092190742492676,-0.05640115055760243,0.8360575870402157,-9.755295660337806,-0.028902586420669948,0.023388201370835304,-0.004788711667060852,0.5528123808886856,-0.00771939754486084
1746738791624936400,49.6749365234375,0.08566726154834377,0.00033573154360055923,0.042326161402892325,0.004412988666445017,0.015879044215820568,0.9985755509352792,0.03417081778270888,right,-0.002619445323944092,-0.055284966717765255,0.8377991700105368,-9.755759186196327,-0.02834087342175212,0.030611488968133926,-0.006249919533729553,0.541883392454125,-0.009819123893976212
1746738791664936200,49.71493627929687,0.08580290719323684,0.001853788155131042,0.042407244259052825,0.005519665777683258,0.0158569763821756,0.998590943105197,0.034073317572029624,right,-0.0028658509254455566,-0.05396789210761959,0.8391829525191337,-9.75634838426113,-0.02768230596866113,0.03265981748700142,-0.006334468722343445,0.5289865745453164,-0.009815368801355362
1746738791704936200,49.75493627929688,0.08585938356558977,-0.0020999987609684467,0.04244884946176779,0.002705229679122567,0.015829507044778174,0.9986075864224507,0.0339629034263245,right,-0.002925276756286621,-0.0526556382322447,0.8397927549805492,-9.75698375955522,-0.027025229303968314,0.028990114107728004,-0.0048011913895606995,0.5161360434636474,-0.010124336928129196
1746738791744936200,49.79493627929688,0.08582025585167184,-0.0016817362047731876,0.04244079112605849,0.0026615445967763662,0.015739881818509553,0.9986221238370331,0.03374137657176904,right,-0.00193864107131958,-0.05171116537466646,0.8394524171102792,-9.757498138818145,-0.026548654859556535,0.016007037833333015,-0.0035446807742118835,0.5068865325486287,-0.01185879111289978
1746738791784936200,49.834936279296876,0.08579055783713516,0.002326346468180418,0.042429903363829895,-0.001488354755565524,0.01574458102204402,0.9986281440807182,0.03373158632534419,right,-0.002977132797241211,-0.05128648336368902,0.839180979757756,-9.757736623749137,-0.026336172060799152,0.0064568957313895226,-0.005087457597255707,0.5027273670425638,-0.012881826609373093
1746738791824936200,49.874936279296875,0.0856452545863692,0.008328378200531006,0.04235785204552016,-0.003573787398636341,0.015858945062074404,0.9986340704202225,0.03394114993170693,right,-0.0019681453704833984,-0.050924974038231055,0.8377786386791616,-9.758038821566105,-0.026158965062680693,0.00793182197958231,-0.005796588957309723,0.49918677182625976,-0.012734327465295792
1746738791864936400,49.9149365234375,0.08529023473350715,0.006696001626551151,0.04217730917976019,-0.005950964521616697,0.016054148811051664,0.9986408146231556,0.03431513263751416,right,-0.002102196216583252,-0.0507473140064397,0.8343218492887914,-9.758424021491408,-0.02607532965658511,0.0005611716769635677,-0.006812736392021179,0.4974467962911352,-0.012553039938211441
1746738791904936200,49.954936279296874,0.08490600030149513,-0.0006772489286959171,0.04198624412575152,0.0009226496331393719,0.016094253142082068,0.9986504540112079,0.034377861893184085,right,-0.0008770227432250977,-0.05057130606689762,0.8305796670857817,-9.75883084872663,-0.025985682698473046,0.00026614704984240234,-0.005342073738574982,0.49572296817321326,-0.010105419903993607
1746738791944936200,49.99493627929687,0.08481042600744633,-0.0029471064917743206,0.04193773379755862,-0.0015456124674528837,0.016030360207784436,0.9986502336342382,0.034258448614517684,right,-0.0023404359817504883,-0.050828685549075076,0.829636102625355,-9.758782917931676,-0.02611092158432425,-0.01053499523550272,-0.005811668932437897,0.4982437553551048,-0.008806545287370682
1746738791984936200,50.03493627929687,0.08479419985159227,-0.005739040672779083,0.04192815102068785,0.0018655103631317616,0.01590525363016013,0.9986463706892889,0.034028700518023626,right,-0.0013824701309204102,-0.05132393141965678,0.8294568005356937,-9.758549109175801,-0.02635325137618706,-0.008930300362408161,-0.00541289895772934,0.503094117995724,-0.009563680738210678
1746738792024936200,50.07493627929688,0.08472191978447587,-0.0017832312732934952,0.0418915844108626,-0.002556611318141222,0.01576548757816356,0.9986444766997559,0.03376568168926382,right,-0.0020065903663635254,-0.05176294300423707,0.8287326509796082,-9.758388365656137,-0.026566367822424063,-0.01011446863412857,-0.0068407729268074036,0.5073936418205499,-0.009551577270030975
1746738792064936200,50.11493627929688,0.08460715792835437,0.011344502680003643,0.04182890497279791,-0.0003715523052960634,0.01582964522226549,0.998640866323863,0.03390767589837505,right,-0.0026187896728515625,-0.0521500982816535,0.8275961212303489,-9.758286658847332,-0.026761741164369142,-0.01049908809363842,-0.006156429648399353,0.5111852161232382,-0.01056702807545662
1746738792104936400,50.1549365234375,0.08445531215346512,0.01155191008001566,0.04174113869160263,-0.008505085483193398,0.016117226910036288,0.998633715442264,0.03449837835747505,right,-0.00439220666885376,-0.05259094785218331,0.8260952151481061,-9.758186705604196,-0.026992985734471786,-0.009612682275474072,-0.008204735815525055,0.5155025313330814,-0.007455743849277496
1746738792144936400,50.1949365234375,0.08445121683766187,0.003797589335590601,0.04173201321418129,-0.0017672632820904255,0.016340980602910244,0.9986287663535832,0.03495086678761322,right,-0.0036443471908569336,-0.052695825773165776,0.8260507184192538,-9.758136436721681,-0.02705476096261556,-0.0008131451904773712,-0.007889054715633392,0.5165296093584969,-0.005400344729423523
1746738792184936200,50.234936279296875,0.08438675558193995,-0.007160412613302469,0.04170068211573112,0.0015171421691775322,0.016322017805646537,0.998630904335103,0.034909758427137755,right,-0.0019582509994506836,-0.05266335940087359,0.8254230880402028,-9.758205994826554,-0.027037165621202033,-0.0013564680702984333,-0.006632253527641296,0.5162116659831255,-0.005643915385007858
1746738792224936200,50.274936279296874,0.08452003787419544,-0.004482742864638567,0.04177028018398331,0.005897486116737127,0.016218204508228164,0.9986300792526167,0.03470421856649909,right,-0.0012117624282836914,-0.052634477931706336,0.8267249644190072,-9.758110717758536,-0.027019542732514917,0.0028241751715540886,-0.008068203926086426,0.5159288304537535,-0.00957491248846054
1746738792264936200,50.31493627929687,0.08475073827472762,0.0020491303876042366,0.041888019745893894,0.0058566308580338955,0.01623819173614624,0.9986291276354033,0.03473662372708274,right,-0.0014340877532958984,-0.0523109054593188,0.8289902059372514,-9.758085583317278,-0.02686053365649744,0.009263846091926098,-0.006567426025867462,0.5127600276919082,-0.010529320687055588
1746738792304936200,50.35493627929687,0.08506357748867446,0.0014045913703739643,0.04204612792118381,0.00610691262409091,0.016309733976978467,0.9986264699122132,0.03487109954108592,right,-0.00259476900100708,-0.05191055781248395,0.8320602610323578,-9.758029469215868,-0.026666011232298784,0.005519362166523933,-0.005402401089668274,0.5088392740515991,-0.007571086287498474
1746738792344936200,50.39493627929688,0.0852199110484908,-0.0014246560167521238,0.04212643596459578,0.0025543691590428352,0.016279458502450234,0.998625614542222,0.03480807350695478,right,-0.0023316144943237305,-0.051758156299065425,0.8335923659704625,-9.757976862245798,-0.02658986538140423,-0.001297889743000269,-0.005492746829986572,0.5073467339389026,-0.010309994220733643
1746738792384936400,50.4349365234375,0.08530413082029319,0.0021112184040248394,0.04216797557610464,0.0036985327024012804,0.016218660683932275,0.998622067713553,0.03469780571114687,right,-0.0022106170654296875,-0.05197268376172165,0.8344048513971268,-9.757797414025664,-0.026695337037930568,-0.01023026928305626,-0.004550620913505554,0.5094477248061448,-0.01179526373744011
1746738792424936200,50.47493627929688,0.08547547825605596,0.006052457261830568,0.04224703157321812,0.0044370912946760654,0.01632399788089612,0.9986119786899658,0.0349292282001687,right,-0.00273209810256958,-0.0523399865835729,0.8360608019106089,-9.75746774367988,-0.02688500367000289,-0.010441727004945278,-0.005772039294242859,0.5130448359826579,-0.010469861328601837
1746738792464936200,50.514936279296876,0.08557668156087747,0.007450822275131941,0.042290597692390436,0.0034347623586654663,0.016498216057253278,0.9986040509151096,0.03529059737489184,right,-0.002936840057373047,-0.05256462631224448,0.8370384147711097,-9.757267837193607,-0.027005629549708865,-0.004234501160681248,-0.004386380314826965,0.5152447571797296,-0.00923420861363411
1746738792504936200,50.554936279296875,0.08547204446516476,0.0008400166407227516,0.042233108245235386,-0.003391216043382883,0.016618764259247906,0.9986016205953904,0.035537926917623745,right,-0.0038298368453979492,-0.05276649281985279,0.8360085602667182,-9.757251470580696,-0.0271107781803068,-0.002276660641655326,-0.006531879305839539,0.5172216467432678,-0.011042669415473938
1746738792544936200,50.594936279296874,0.0853926201359601,-0.002976612653583288,0.042196337443013175,0.008452264592051506,0.01654603895939812,0.9986056826570391,0.035386299488369,right,-0.0014663338661193848,-0.05267810729548355,0.8352375028289855,-9.757363114261628,-0.027062789960870085,0.000652828486636281,-0.006812877953052521,0.5163560794224963,-0.00928334891796112
1746738792584936200,50.63493627929687,0.08558804677267356,-0.0077159591019153595,0.04229697768597165,0.007307977881282568,0.016399800020948097,0.9986028280811832,0.03510232313349639,right,-0.002607405185699463,-0.05276161406147998,0.8371406330365687,-9.757156778034567,-0.02710009443877822,-0.004774925298988819,-0.005481600761413574,0.5171738620787859,-0.00715424120426178
1746738792624936400,50.6749365234375,0.08579079430257298,-0.013745995238423347,0.04240170537513388,0.0036335450131446123,0.016138898401831768,0.998598006796193,0.03460083408003845,right,-0.0028299689292907715,-0.05311992636484442,0.8391029460854827,-9.756801973247528,-0.02727002332140048,-0.006614126730710268,-0.005107700824737549,0.5206827835151926,-0.009512566030025482
1746738792664936200,50.71493627929687,0.08572451090800186,-0.005181178450584412,0.042370913645082095,-0.00509986188262701,0.015925060935952282,0.9985979596804454,0.0341866636579054,right,-0.0037953853607177734,-0.05348709312205875,0.8384397329363972,-9.75666636416912,-0.02744403377740616,-0.009416069835424423,-0.006772175431251526,0.5242783603217452,-0.011136319488286972
1746738792704936200,50.75493627929688,0.0855239637249298,0.01493866927921772,0.04226324147937562,-0.0018126852810382843,0.016073622507639187,0.9985950308897702,0.03449431103892204,right,-0.001858532428741455,-0.05384823667484805,0.8364668254282325,-9.756644736859203,-0.027629250181101486,-0.009915491566061974,-0.005728147923946381,0.5278148638848215,-0.010336071252822876
1746738792744936200,50.79493627929688,0.08537475167896236,0.014587000012397766,0.042173150836890445,-0.008919065818190575,0.016499798122191798,0.9985860609832936,0.035360367475138765,right,-0.0028055906295776367,-0.0542333814828278,0.8349936110705137,-9.756566410925984,-0.02783861039709947,-0.009425342082977295,-0.007070690393447876,0.5315863452475518,-0.0063430629670619965
1746738792784936200,50.834936279296876,0.08537230326985046,0.0019929828122258186,0.04216356070774557,-0.0022374363616108894,0.01676904870363433,0.9985804288616282,0.0359032371027811,right,-0.0036684274673461914,-0.05431844173166344,0.8349659193459897,-9.756523156306146,-0.027892505519117115,-0.0034718597307801247,-0.006880596280097961,0.532419252407737,-0.0032500699162483215
1746738792824936200,50.874936279296875,0.08531088307951126,-0.009469430893659592,0.04213589255487155,-0.002096952870488167,0.01667274146023032,0.9985837583911416,0.03570741296436265,right,-0.002884209156036377,-0.05429014572065411,0.8343679534528404,-9.756589791801572,-0.027873736959413104,-0.0007199470419436693,-0.006290540099143982,0.5321421890320256,-0.00498286634683609
1746738792864936400,50.9149365234375,0.08539841615390856,-0.006113301031291485,0.042186173878239884,0.003832327201962471,0.016468011294263504,0.9985864959072469,0.03529593880441933,right,-0.001975417137145996,-0.05420042434592986,0.8352260315869003,-9.756564072838424,-0.027820992944752803,0.003431336721405387,-0.006574355065822601,0.5312636160992086,-0.009286053478717804
1746738792904936200,50.954936279296874,0.08549864824296213,-0.0002657519653439522,0.04224177406647055,0.004457609262317419,0.016388830608672387,0.9985902635519945,0.03512541468138935,right,-0.0021161437034606934,-0.05385980905894012,0.8362193534731864,-9.756659934428333,-0.027648156245289154,0.01264476403594017,-0.006477326154708862,0.5279281880661845,-0.011150084435939789
1746738792944936200,50.99493627929687,0.08575475427358638,-0.001295657129958272,0.04237482839844034,0.00768392626196146,0.016398177914568615,0.9985920845998965,0.035127065014816106,right,-0.002317368984222412,-0.053302738988838944,0.8387430997971445,-9.756737091317772,-0.02737215871427367,0.011414463631808758,-0.0063790008425712585,0.5224730279328301,-0.008695922791957855
1746738792984936200,51.03493627929687,0.08606122438048107,-0.010020377114415169,0.04253169727509238,0.007850093767046928,0.01627880696162818,0.9985884229928806,0.03489332966069952,right,-0.00232851505279541,-0.05323249100777204,0.8417363633289933,-9.756516142043472,-0.02733462710489898,-0.005956624634563923,-0.006568290293216705,0.5217851187339052,-0.008999653160572052
1746738793024936200,51.07493627929688,0.08633276238870531,-0.010112367570400238,0.042669935864111955,0.008265375159680843,0.016063909557116122,0.9985817774111564,0.03448428230876749,right,-0.00174713134765625,-0.05355147472707674,0.844371241877228,-9.756121005246042,-0.02748737066555148,-0.008914061821997166,-0.006288960576057434,0.5249088037123903,-0.011456575244665146
1746738793064936200,51.11493627929688,0.08672181243329184,0.0019820136949419975,0.04286168744358185,0.007099566049873829,0.01599432775474938,0.9985686191652987,0.03437477987189252,right,-0.004378318786621094,-0.053988208103208424,0.848146814893186,-9.755562202319503,-0.027706194549962537,-0.011961976997554302,-0.006561100482940674,0.5291855311835184,-0.011559512466192245
1746738793104936400,51.1549365234375,0.08701118628865426,0.00806409865617752,0.042999028070773035,0.0027047418989241123,0.016124214355157016,0.998555589460783,0.03465824167749624,right,-0.0034797191619873047,-0.05433556757892876,0.8509537620726972,-9.755132578730583,-0.02788802491339134,-0.0039598336443305016,-0.007414184510707855,0.532586973657459,-0.009806562215089798
1746738793144936400,51.1949365234375,0.08715107652534791,0.0071202414110302925,0.043061553731839786,0.0037546774838119745,0.01630680528088118,0.9985466418138573,0.03503743842176651,right,-0.0022239089012145996,-0.05455285391550216,0.8523083184868097,-9.754898185452818,-0.028005798628425303,-0.006805431097745895,-0.006721459329128265,0.5347146698685362,-0.009764287620782852
1746738793184936200,51.234936279296875,0.08714832054135604,0.0009444369934499264,0.043059523727331135,0.01084809098392725,0.01631040796429444,0.9985458885554929,0.03504702835701566,right,0.0015342235565185547,-0.054608465484866114,0.8522788731966168,-9.754870712924003,-0.02803374676825107,0.003526340238749981,-0.004965730011463165,0.5352591885413974,-0.011436700820922852
1746738793224936200,51.274936279296874,0.08750706758494896,-0.006638173013925552,0.04324019477434992,0.010849683545529842,0.01623581710092986,0.998538770892841,0.03490945173695448,right,-0.002586066722869873,-0.05464801577399904,0.8557765060540288,-9.754543380665778,-0.028053442222566005,-0.0022546113468706608,-0.004865460097789764,0.5356464708259329,-0.007871944457292557
1746738793264936200,51.31493627929687,0.08784443073499004,-0.0156797394156456,0.04341133865778114,0.012088768184185028,0.01600054609459047,0.9985299912481851,0.034464714741189936,right,-0.0019730329513549805,-0.05503107728892595,0.8590491710491478,-9.754048875147104,-0.028237767539081353,-0.011967029422521591,-0.0034863874316215515,0.5393973843246698,-0.008062902837991714
1746738793304936200,51.35493627929687,0.0880243072750895,-0.00878197979182005,0.043503949907143125,0.0017239805310964584,0.015718556174750518,0.9985231853308919,0.03392837400071637,right,-0.0034407377243041992,-0.055556500915394186,0.8607786251902579,-9.753610483729839,-0.02848985647141385,-0.013057036325335503,-0.0048932284116744995,0.5445421633346006,-0.012097708880901337
1746738793344936200,51.39493627929688,0.08800742962027121,0.01195091474801302,0.0434896124068803,0.0009672870510257781,0.015748760116303488,0.9985158350216206,0.03401150010914879,right,-0.0021646618843078613,-0.05607578097874996,0.8605890939675271,-9.753342188182472,-0.02875077700978347,-0.014257331378757954,-0.005518078804016113,0.5496266269920393,-0.011361353099346161
1746738793384936400,51.4349365234375,0.08817073721253868,0.02036415785551071,0.0435534654878072,0.004833695478737354,0.016136112562168632,0.9984970187519416,0.034820970735033,right,-0.0027865171432495117,-0.05672381655495701,0.8621502788696438,-9.75284476005435,-0.029093211391748384,-0.01932978816330433,-0.005273208022117615,0.5559715755719691,-0.008936874568462372
1746738793424936200,51.47493627929688,0.08833625449956653,0.006562674418091774,0.04362419190023167,0.0032756603322923183,0.01640535498900394,0.9984834112743648,0.03538272885771536,right,-0.0022596120834350586,-0.057118364698599065,0.8637451468456536,-9.752482356482744,-0.02930376790904292,-0.0070707472041249275,-0.002728201448917389,0.5598344980778173,-0.0039485543966293335
1746738793464936200,51.514936279296876,0.08848073440196398,-0.009999990463256836,0.04369786102916728,0.0018414318328723311,0.016319784752261382,0.9984803551198231,0.035219608973940233,right,-0.003370940685272217,-0.05720860442124847,0.8651496798813343,-9.752306999915838,-0.02934643780398078,-0.0014283102937042713,-0.003725998103618622,0.5607180029140785,-0.004731375724077225
1746738793504936200,51.554936279296875,0.08850241679445844,-0.0052033234387636185,0.04371709547774802,0.0030877955723553896,0.01608640340828732,0.9984858557360548,0.03474576440193914,right,-0.0021066665649414062,-0.05705208159004319,0.8653688755899667,-9.75237597349882,-0.029258120069786082,0.009915662929415703,-0.004158377647399902,0.5591855326497926,-0.009538225829601288
1746738793544936200,51.594936279296874,0.08861547282674258,0.0057930490002036095,0.04377972289258297,0.0016389593947678804,0.01607892908580275,0.9984920464018637,0.03470700101977045,right,-0.0026573538780212402,-0.05644743647080476,0.8665012406207621,-9.752612704864143,-0.02895632821507747,0.017493413761258125,-0.005274876952171326,0.5532655680162831,-0.010572709143161774
1746738793584936200,51.63493627929687,0.08865157088885828,0.008487648330628872,0.04379876310459931,-0.0006138565950095654,0.016273100956516913,0.9984974231223761,0.03506715885889315,right,-0.003456592559814453,-0.05578248081808402,0.8668856368284672,-9.752945882341265,-0.028632542155757234,0.009212667122483253,-0.004178307950496674,0.5467548344153911,-0.007740426808595657
1746738793624936400,51.6749365234375,0.0886124920799734,0.0010630064643919468,0.04377966451256796,-0.003156666411086917,0.01637981943473314,0.9985012943997112,0.035264401077732814,right,-0.003174424171447754,-0.05543903100090681,0.8665211143650114,-9.753166247093677,-0.02846508220222541,0.005728067364543676,-0.003856286406517029,0.5433919338535517,-0.008335232734680176
1746738793664936200,51.71493627929687,0.08850150322109279,-0.00044967769645154476,0.04372748315616962,-0.00362392864190042,0.016355573913500333,0.9985075815866034,0.03520154893264923,right,-0.0025521516799926758,-0.05519052140219869,0.8654504894588142,-9.753396548718213,-0.028338735002454964,0.0030060310382395983,-0.00597061961889267,0.5409586057594046,-0.01000111922621727
1746738793704936200,51.75493627929688,0.08844562340393687,0.004367518238723278,0.04369819982524704,0.0011635387782007456,0.01638589739195065,0.9985075744103978,0.035263135229196774,right,-0.003778219223022461,-0.055244939456047845,0.8649028655134141,-9.753415253418684,-0.028366790770030965,-0.005752737633883953,-0.006240367889404297,0.5414914705270901,-0.00992162898182869
1746738793744936200,51.79493627929688,0.08848916153979935,0.008001504465937614,0.043714066637446994,-0.0006775837391614914,0.016528164572826683,0.9985016991174692,0.035557351613708946,right,-0.0026478171348571777,-0.05542414245411263,0.8653188989683985,-9.753280813384055,-0.028463045078116853,-0.002726627280935645,-0.006590992212295532,0.5432461687073111,-0.012486044317483902
1746738793784936200,51.834936279296876,0.08826553702674562,0.010496655479073524,0.043600416757633514,-0.00834662839770317,0.016694702319044855,0.998507495011612,0.035872934487659956,right,-0.003865540027618408,-0.05516397596996191,0.863150249692425,-9.753614575383066,-0.028338192024766166,0.002869958756491542,-0.006219223141670227,0.5406987127142027,-0.009611140936613083
1746738793824936200,51.874936279296875,0.08781795216605362,-0.0015526190400123596,0.04337512685158244,-0.015345078893005848,0.0168055726587818,0.9985169529252678,0.036077380488036125,right,-0.004606127738952637,-0.05505322198658471,0.8587898625258356,-9.754059981063008,-0.02828359798204141,0.0006915898993611336,-0.008538566529750824,0.5396142054131254,-0.011315539479255676
1746738793864936400,51.9149365234375,0.08769362994781378,-0.000905900145880878,0.04331616871304448,0.0028954939916729927,0.016757302847672705,0.9985227218540337,0.03596982082335631,right,-0.0031381845474243164,-0.05488746328024815,0.8575850167807191,-9.754255211374163,-0.02819747173025393,-0.0004004815127700567,-0.006445236504077911,0.5379911342559383,-0.008465390652418137
1746738793904936200,51.954936279296874,0.08795799136156035,-0.010066820308566093,0.04344809644746463,0.008092506788671017,0.016650656795934745,0.9985147555640762,0.03577664654788239,right,-0.002239406108856201,-0.05517887516418566,0.8601498257674276,-9.753871765014528,-0.028340972028574357,-0.01503962092101574,-0.0047520920634269714,0.5408445874582976,-0.006554316729307175
1746738793944936200,51.99493627929687,0.08829745141869738,-0.016635514795780182,0.04361648019918908,0.006815765053033829,0.016390526183373076,0.9985001518867217,0.03530226856413627,right,-0.004188358783721924,-0.056007742021279734,0.8634210294578224,-9.753129422214627,-0.028747246133126333,-0.021426161751151085,-0.004827730357646942,0.5489604547008872,-0.007865019142627716
1746738793984936200,52.03493627929687,0.08828637877045821,-0.004265849478542805,0.04360900934574098,-0.0023500919342041016,0.016172301927850567,0.998492375080759,0.034901681732631404,right,-0.002789616584777832,-0.05683246356816716,0.8632727800935507,-9.752684601056576,-0.029150142733697405,-0.015011551789939404,-0.005530804395675659,0.5570353323459625,-0.011555060744285583
1746738794024936200,52.07493627929688,0.08817007986681379,0.018367554992437363,0.04354034226114868,-0.004285125527530909,0.016352107245637734,0.9984843752152016,0.0352823467764431,right,-0.003480255603790283,-0.057368302821516275,0.8621121388163417,-9.752486448135972,-0.029424993754548594,-0.01739702746272087,-0.0054640620946884155,0.5622815624363721,-0.008587207645177841
1746738794064936200,52.11493627929688,0.08796470318850838,0.01922742649912834,0.04342007413923937,-0.005207962356507778,0.016780808324545822,0.9984744510229653,0.036157406548191696,right,-0.002304255962371826,-0.057871594955024835,0.8600842131853104,-9.752380065152048,-0.02969357153764146,-0.006588801741600037,-0.004052609205245972,0.5672089723685756,-0.007443636655807495
1746738794104936400,52.1549365234375,0.08769205584915175,0.0028297938406467438,0.04327595706354917,-0.008154514245688915,0.017069969437574314,0.9984761648453367,0.036726472072499274,right,-0.002602696418762207,-0.05782588659671982,0.8574274881314485,-9.75263959287107,-0.02968078053031275,0.002131194807589054,-0.004699684679508209,0.5667614843294024,-0.002993859350681305
1746738794144936400,52.1949365234375,0.08727115868691958,-0.00436286861076951,0.04307075745736495,-0.008222321048378944,0.017032457462723107,0.9984910107057141,0.0366234431055841,right,-0.0010651946067810059,-0.057477829150574214,0.8533397073611616,-9.753196057710051,-0.0295012109153215,0.011758447624742985,-0.005016148090362549,0.563353867843002,-0.006123524159193039
1746738794184936200,52.234936279296875,0.08699110609508405,0.001602021511644125,0.042941342501223355,-0.004912501201033592,0.016971430060297395,0.998509738042218,0.03645694198655282,right,-0.002300858497619629,-0.056660714294960335,0.850647984059155,-9.753889885193109,-0.02908732450241011,0.023661144077777863,-0.006763525307178497,0.5553537359345704,-0.010008741170167923
1746738794224936200,52.274936279296874,0.08677177978346794,0.0046006133779883385,0.042842400497390146,-0.006351386196911335,0.017029854763927064,0.9985300396392531,0.03651598733436601,right,-0.0037560462951660156,-0.05548614491918296,0.8485646019138395,-9.754719321754575,-0.02850033337968936,0.02864934504032135,-0.006274133920669556,0.5438532677549869,-0.008802853524684906
1746738794264936200,52.31493627929687,0.08643639522389131,0.0011242437176406384,0.04268605755844335,-0.011760054156184196,0.0170792270120137,0.9985528428824734,0.036552950075533754,right,-0.004192531108856201,-0.0542893606131394,0.8453485624767839,-9.755644619905947,-0.027900769860152108,0.026595463976264,-0.005131900310516357,0.5321344806496053,-0.008996792137622833
1746738794304936200,52.35493627929687,0.0859127116065073,-0.002000420354306698,0.042437841059538246,-0.010822692885994911,0.017039890911164538,0.9985803706447954,0.03640898410535057,right,-0.002944648265838623,-0.05312651956564585,0.8402921558700501,-9.756696174785494,-0.027312676127747303,0.027595356106758118,-0.005563229322433472,0.5207473731840029,-0.008830871433019638
1746738794344936200,52.39493627929688,0.08546422550467742,0.0006831481587141752,0.04222753755625206,-0.009255564771592617,0.01699258384945688,0.9986063985297988,0.036250431853211806,right,-0.002930283546447754,-0.05193441703582651,0.8359686666477472,-9.757683432257174,-0.02671031554458335,0.0303172804415226,-0.005733877420425415,0.5090729366770014,-0.010349482297897339
1746738794384936400,52.4349365234375,0.08496801380719378,0.009336746297776699,0.041990879349463335,-0.014567060396075249,0.017078882647347356,0.9986320156695606,0.036354221947024666,right,-0.0018690824508666992,-0.050636615383603235,0.8311820899583399,-9.758747262096405,-0.026060296818422053,0.031026948243379593,-0.006845250725746155,0.49636261778362095,-0.013305902481079102
1746738794424936200,52.47493627929688,0.08446818824416404,0.011920200660824776,0.04174810183612264,-0.013217397034168243,0.017311612701070754,0.998654053348445,0.036754406506302954,right,-0.002196371555328369,-0.04939902432587093,0.8263554735194891,-9.759766083750128,-0.025446444361699204,0.019749373197555542,-0.008914485573768616,0.4842411681614816,-0.01044243574142456
1746738794464936200,52.514936279296876,0.08395034971761056,-0.0014276430010795593,0.041493753124416985,-0.010836617089807987,0.017440317609123058,0.9986714130453996,0.03696869401480762,right,-0.0017653703689575195,-0.0486859289406121,0.8213301927033811,-9.760534145513176,-0.025090347784073146,0.010646707378327847,-0.006214067339897156,0.47725649690590793,-0.01055368036031723
1746738794504936200,52.554936279296875,0.08370391148807123,-0.007651733234524727,0.04137583514098144,-0.00997633021324873,0.017340992922093904,0.9986812801486937,0.036752971609315156,right,-0.0021399855613708496,-0.04843506662001425,0.8189347489342093,-9.760855048030614,-0.02495847684719433,-0.0010589957237243652,-0.0071218013763427734,0.47479927647951986,-0.009870313107967377
1746738794544936200,52.594936279296874,0.08342338824057631,-0.009037364274263382,0.04123900841555514,-0.0036720712669193745,0.01717743348053444,0.9986889279609702,0.03642225114793258,right,-0.0009020566940307617,-0.04852602318334389,0.8161929759453982,-9.761041510513424,-0.024994640488999943,-0.007501527667045593,-0.006401620805263519,0.47569019743725655,-0.00861373171210289
1746738794584936200,52.63493627929687,0.08326451588988601,-0.004585227929055691,0.04115949062767599,-0.0061219134368002415,0.017044154076625864,0.9986902447457592,0.03616629843218194,right,-0.003242969512939453,-0.04888068646793474,0.8146281377814709,-9.761002347546816,-0.025165100579671033,-0.013295590877532959,-0.0069855451583862305,0.4791641206255182,-0.009743917733430862
1746738794624936400,52.6749365234375,0.08302025975978379,0.001437959261238575,0.04103269743986589,-0.004742009565234184,0.01703039683393029,0.9986891021639858,0.036154491254838106,right,-0.0025919675827026367,-0.04940238231854152,0.8122230494011193,-9.760950325098634,-0.025423275220178645,-0.013143125921487808,-0.00577922910451889,0.4842740475177765,-0.009925488382577896
1746738794664936200,52.71493627929687,0.08289831326908945,0.009016517549753189,0.04096328253648065,-0.004107606131583452,0.017195367908603036,0.9986834731560637,0.036499758410236484,right,-0.0024060606956481934,-0.04983165202246871,0.8110154271770268,-9.760841604027151,-0.025643654762252648,-0.008726255968213081,-0.006982877850532532,0.4884785500029102,-0.00966765359044075
1746738794704936200,52.75493627929688,0.08267322639836237,0.0008483715355396271,0.040849616238980015,0.0024508130736649036,0.01722508114848111,0.9986868818235004,0.036555877008524064,right,-0.0019998550415039062,-0.04988890608069056,0.8088160905018449,-9.760995917806028,-0.02567145454901125,0.0012863073498010635,-0.00491669774055481,0.48903932569082825,-0.0069314464926719666
1746738794744936200,52.79493627929688,0.08249101807985369,-0.015398278832435608,0.040765112703827815,-0.0048340423963963985,0.017017442543481733,0.9986955860784974,0.03613087197099866,right,-0.0023599863052368164,-0.04978099300374358,0.8070419204361736,-9.761195824292301,-0.025607337920935346,0.0011836066842079163,-0.004441127181053162,0.48798240051642056,-0.005648158490657806
1746738794784936200,52.834936279296876,0.08235986041664167,-0.01066586934030056,0.04071067555979727,0.0013044713996350765,0.016659688335102868,0.9987066306393398,0.035403304626196015,right,-0.000813901424407959,-0.04959450868959022,0.8057691240213811,-9.761392223647237,-0.02549829619230654,0.012073139660060406,-0.005607292056083679,0.48615584267638623,-0.010362271219491959
1746738794824936200,52.874936279296875,0.08237671208126729,0.0012505771592259407,0.04072902752693832,0.0023080678656697273,0.01651088617454276,0.998716490709783,0.035079627203726454,right,-0.0021695494651794434,-0.04896730251029304,0.8059585091136395,-9.761680392938851,-0.025178657336482675,0.019089050590991974,-0.0071846917271614075,0.48001251761578023,-0.012509763240814209
1746738794864936400,52.9149365234375,0.08236808182149122,0.007081859745085239,0.04073165965272352,-0.00006558583118021488,0.016592906703221517,0.9987263784110061,0.03520545675590952,right,-0.0027486085891723633,-0.04804968631633875,0.8059102129925042,-9.762122291487454,-0.024722943879900955,0.019670478999614716,-0.005423843860626221,0.4710243610506877,-0.010138645768165588
1746738794904936200,52.954936279296874,0.08228182312597708,0.004371659830212593,0.040693328934376945,-0.003984096460044384,0.016695437173494435,0.9987352660947431,0.03537796810494655,right,-0.0015834569931030273,-0.04731199637129094,0.805096412391588,-9.762535548463463,-0.02435737232160185,0.011010211892426014,-0.0032379701733589172,0.4637983187872916,-0.008069787174463272
1746738794944936200,52.99493627929687,0.08216949153308015,0.004348180256783962,0.040639869034366775,-0.0037028174847364426,0.016761281897002926,0.9987414722144398,0.03548935115214853,right,-0.00300753116607666,-0.04688495429198311,0.8040159967437386,-9.76282196418941,-0.024145453577207262,0.004658773075789213,-0.003965720534324646,0.45961511481851336,-0.009167283773422241
1746738794984936200,53.03493627929687,0.08197621488062695,0.008225159719586372,0.04054246395775863,-0.006215461064130068,0.016889668678112705,0.9987458063026078,0.03573274180701151,right,-0.003397047519683838,-0.04666691444498097,0.8021371972598135,-9.763076815733314,-0.024039888334032655,0.0009439983405172825,-0.005029991269111633,0.4574792353009805,-0.010915201157331467
1746738795024936200,53.07493627929688,0.08168436075231675,0.01060490682721138,0.040391859321983296,-0.011162536218762398,0.017112404228358805,0.9987484382143539,0.03617002820283219,right,-0.0021608471870422363,-0.046625326560402684,0.7992893335480242,-9.763329913711548,-0.024025488757790887,-0.002743914257735014,-0.007163785398006439,0.45707182354386894,-0.010658320039510727
1746738795064936200,53.11493627929688,0.08109098820173741,0.0022633159533143044,0.04009222779942212,-0.017470650374889374,0.017320608351579066,0.9987586754126383,0.036566499878435764,right,-0.0017524957656860352,-0.04647451293843317,0.7935014708615838,-9.763870596459507,-0.023953047706300343,0.00965035893023014,-0.005644097924232483,0.4555944444676861,-0.01062309741973877
1746738795104936400,53.1549365234375,0.08061255484788912,0.000032529234886169434,0.039855131208737606,-0.010457661002874374,0.01743228087666405,0.9987713147539968,0.03676110026344466,right,-0.00182420015335083,-0.04604397071511046,0.7888457540102303,-9.76444401243329,-0.02373778370994137,0.00378595944494009,-0.005472883582115173,0.4513767902400344,-0.006642866879701614
1746738795144936400,53.1949365234375,0.08028691752796983,0.0019054821459576488,0.039692147829739406,-0.0042321160435676575,0.017501982072782033,0.9987780542093152,0.03688812931335114,right,-0.000371396541595459,-0.04592554179817172,0.7856703388445079,-9.764753809034824,-0.023678324630491715,-0.005635353736579418,-0.004851296544075012,0.4502166238868609,-0.006585273891687393
1746738795184936200,53.234936279296875,0.0801970030515367,-0.0002675928408280015,0.039644142723159755,-0.0032431092113256454,0.017519160639451154,0.9987764110644177,0.0369312583106678,right,-0.0030823945999145508,-0.046193481877127344,0.7847826692897826,-9.764703540152311,-0.023812196143056515,-0.008250048384070396,-0.00649271160364151,0.4528414194324985,-0.009100496768951416
1746738795224936200,53.274936279296874,0.07996101800082801,0.003761331085115671,0.03952360078249644,-0.0025605265982449055,0.0175317804760008,0.9987781568136446,0.036960672386253834,right,-0.0015777945518493652,-0.046435098231599664,0.7824695700418204,-9.764778943476081,-0.023931365799844118,-0.001885838806629181,-0.006836697459220886,0.45520833122693,-0.01021374762058258
1746738795264936200,53.31493627929687,0.07989325726988541,0.015128234401345253,0.03948320648931804,0.002564546652138233,0.017759707008367754,0.9987741620649488,0.03741983507996408,right,-0.002518177032470703,-0.0465434406857906,0.7818039457399397,-9.764783035129309,-0.023993941893016783,-0.006225986871868372,-0.007738679647445679,0.4562696768481284,-0.010481763631105423
1746738795304936200,53.35493627929687,0.07982909869397052,0.010076228529214859,0.039443949683188664,0.008510243147611618,0.018018596140957646,0.9987697220434666,0.03794063319738743,right,0.0003809928894042969,-0.04664061671450288,0.7811739042080938,-9.764788880348204,-0.024052169769681372,-0.00385713460855186,-0.007400542497634888,0.4572216072781011,-0.008572500199079514
1746738795344936200,53.39493627929688,0.07996274971526166,-0.001491478644311428,0.03950796163492151,0.002249802928417921,0.018086499404299322,0.998764658696737,0.03808391172011551,right,-0.003998875617980957,-0.0467416235393692,0.7824752691302448,-9.764638073700667,-0.024106643344803017,-0.004021083936095238,-0.007009565830230713,0.45821105670686807,-0.005538135766983032
1746738795384936400,53.4349365234375,0.08004533054464097,-0.005488456692546606,0.03955154940497613,0.006936520338058472,0.01796033545453854,0.9987645486603206,0.03783587987699495,right,-0.0018334388732910156,-0.04680620147992036,0.7832792789895087,-9.764543965676426,-0.0241347327267837,0.0016918079927563667,-0.006010718643665314,0.45884365552198136,-0.009668901562690735
1746738795424936200,53.47493627929688,0.08028300309061549,0.0009936164133250713,0.03967632489075919,0.005185665097087622,0.017890647444698114,0.9987660270859339,0.037684565928009374,right,-0.0030480623245239258,-0.04637499332557786,0.7856158321782946,-9.76455390254855,-0.023918536196482362,0.013838302344083786,-0.007283113896846771,0.45461953502092506,-0.01076195016503334
1746738795464936200,53.514936279296876,0.08054938948590958,0.004800299182534218,0.039814921734003,0.007077530026435852,0.017940189058792525,0.9987673603750321,0.037763346340638264,right,-0.001551508903503418,-0.045716865291747254,0.7882408469196408,-9.764640411788225,-0.023593840929345525,0.01373005285859108,-0.00488048791885376,0.44817236817553635,-0.010791122913360596
1746738795504936200,53.554936279296875,0.08085671274126317,0.0032264040783047676,0.039971220332285506,0.00578270060941577,0.018022370927253503,0.998764913836249,0.03791611866545755,right,-0.0030584335327148438,-0.04525078515960883,0.7912584411751479,-9.764604755952954,-0.023366908255767555,0.002823092043399811,-0.004265092313289642,0.44360641196686773,-0.00890611857175827
1746738795544936200,53.594936279296874,0.08119394836253077,-0.0011800136417150497,0.04013886481216383,0.007088234648108482,0.01800073636278253,0.9987572585272918,0.03788533081026256,right,-0.003414630889892578,-0.04536389089569656,0.7945473266527057,-9.764287360566854,-0.02342580813148407,-0.01023077592253685,-0.005128830671310425,0.44471444627400486,-0.010838359594345093
1746738795584936200,53.63493627929687,0.08143206399542229,0.005105523392558098,0.040251258161768215,0.004539391025900841,0.018012930667973534,0.9987453921887357,0.037939699765269355,right,-0.0015437006950378418,-0.045955738026134826,0.796850781289488,-9.763833771580456,-0.023724590104441574,-0.01730106957256794,-0.005254276096820831,0.4505124284956604,-0.013347670435905457
1746738795624936400,53.6749365234375,0.0815998901981125,0.008153998292982578,0.040324427757992255,0.0012916983105242252,0.018164693761861524,0.9987315638914144,0.03827499604164248,right,-0.003574192523956299,-0.04661975644076558,0.7984648654226213,-9.76339947181642,-0.02406444060318931,-0.02282164990901947,-0.006174124777317047,0.4570172438124194,-0.008991844952106476
1746738795664936200,53.71493627929687,0.0815760641311153,-0.0008215289562940598,0.040301621988039486,-0.007110527250915766,0.01830179843455304,0.998721165774458,0.03857857948582787,right,-0.003231644630432129,-0.04733708213562715,0.7982052646383643,-9.763089675214886,-0.0244285348582409,-0.009793275035917759,-0.006087012588977814,0.46404407370928674,-0.008421570062637329
1746738795704936200,53.75493627929688,0.08165886339532,-0.003447320545092225,0.040342909484670994,0.004709949251264334,0.01827049613834957,0.9987191854342692,0.03852103283363373,right,-0.002821803092956543,-0.04741242153483641,0.7990108088675886,-9.76298855292797,-0.024465751147137862,-0.003340223804116249,-0.006795153021812439,0.46478206912763415,-0.004934143275022507
1746738795744936200,53.79493627929688,0.08184379809723441,-0.007871322333812714,0.040437087232117946,0.004377365577965975,0.018125448458946335,0.9987162035730867,0.0382416455929032,right,-0.0017022490501403809,-0.04757062923623676,0.8008103325702249,-9.762767019131779,-0.024540790464516966,-0.005383798852562904,-0.0038190335035324097,0.4663317827876657,-0.004417166113853455
1746738795784936200,53.834936279296876,0.08207991364623698,-0.0053400564938783646,0.04055885893836256,0.0020096974913030863,0.017924864925838724,0.9987138724420679,0.037849701893202053,right,-0.0021102428436279297,-0.047665486274623525,0.8031118144456296,-9.762533794897793,-0.024582347605399235,0.002349455840885639,-0.004157997667789459,0.46726098992917686,-0.007968496531248093
1746738795824936200,53.874936279296875,0.08205360802009157,0.0012738900259137154,0.04054880467454863,-0.0018039795104414225,0.017848105482189274,0.9987171338460928,0.037690616542899326,right,-0.002274036407470703,-0.047551712577634624,0.802859300989285,-9.762607444655895,-0.024522074994351564,0.0018822001293301582,-0.0052590519189834595,0.46614648934863506,-0.008503761142492294
1746738795864936400,53.9149365234375,0.08198651706873138,0.012637142091989517,0.04051232377684098,0.0003683003596961498,0.01802691465258291,0.9987168930661546,0.03804154232214548,right,-0.00046378374099731445,-0.04741894555805655,0.8022093857131898,-9.762723179990052,-0.024462288365072502,-0.0010660062544047832,-0.007220305502414703,0.46484596467670053,-0.008259173482656479
1746738795904936200,53.954936279296874,0.08187120269656765,0.007590795401483774,0.04044898033441523,0.004201799631118774,0.01828703108544377,0.9987151193309333,0.0385573721707904,right,0.002964198589324951,-0.047364724786076146,0.8010856423802674,-9.76284066888988,-0.024444608649106307,0.003757050260901451,-0.0034259185194969177,0.46431485347468404,-0.00813305750489235
1746738795944936200,53.99493627929687,0.0819396993240432,-0.0031922035850584507,0.04048318235354101,-0.0001390678808093071,0.018360118611050438,0.9987143915767721,0.038698379111034166,right,-0.0016829371452331543,-0.047195037671861034,0.8017608382280915,-9.762864049765467,-0.02436335750506055,0.0032028192654252052,-0.007012858986854553,0.4626526193508878,-0.007423430681228638
1746738795984936200,54.03493627929687,0.08171157420779156,-0.004640592262148857,0.04037491281858712,-0.002147981431335211,0.018217401897197737,0.9987240144745037,0.03839881144862999,right,-0.001048445701599121,-0.046996532188895206,0.7995411163520068,-9.76313819053173,-0.02425609348551292,0.010659278370440006,-0.005623683333396912,0.46070813421960916,-0.01114177331328392
1746738796024936200,54.07493627929688,0.08160622030544601,0.010970819741487503,0.04032733376525162,-0.002289417665451765,0.018267782277294198,0.9987320533666204,0.0384728769261262,right,-0.002759277820587158,-0.04640866372956111,0.7985344965927302,-9.76349065723121,-0.02396307817636058,0.01454483438283205,-0.00678127259016037,0.45494938802979884,-0.012093164026737213
1746738796064936200,54.11493627929688,0.08152989871571542,0.0196077823638916,0.04028889200288212,-0.0009615785675123334,0.018612507847639084,0.9987357289093232,0.03913093913986137,right,-0.0019841790199279785,-0.04567063417146112,0.7978164845164865,-9.76388345594108,-0.023607102666220074,0.013763774186372757,-0.00589849054813385,0.44771947330888356,-0.010213285684585571
1746738796104936400,54.1549365234375,0.0815171850564125,0.007129747420549393,0.040281507856297825,-0.000030997791327536106,0.01893203565667137,0.9987366958024684,0.0397458059448633,right,-0.0023016929626464844,-0.04507165499888737,0.7977139739900827,-9.764159350273012,-0.023320269728954172,0.007163784932345152,-0.004972957074642181,0.4418515311235562,-0.007806494832038879
1746738796144936400,54.1949365234375,0.08146463147115095,-0.001461828127503395,0.040257403694256844,-0.0013829644303768873,0.018983560393809325,0.9987402328766726,0.039835158282679965,right,-0.0013555288314819336,-0.04476581869613556,0.7972117966216057,-9.764335291361808,-0.0231688504959637,0.004266983363777399,-0.004526913166046143,0.4388553084496408,-0.008996918797492981
1746738796184936200,54.234936279296875,0.08146833472470744,-0.00043874268885701895,0.04026146801411497,-0.0009794468060135841,0.018925530900399376,0.9987421357063143,0.03971573754563817,right,-0.0033074021339416504,-0.04468570342980208,0.7972508134577423,-9.76436744006574,-0.023126476336999432,0.00012204935774207115,-0.0062422603368759155,0.43807044168226417,-0.011873837560415268
1746738796224936200,54.274936279296874,0.08138115281155069,0.008550996892154217,0.04021803641369048,-0.003106154501438141,0.018979135843365656,0.9987442635470785,0.039816055337671255,right,-0.0028864145278930664,-0.04456400139731474,0.7964039143048226,-9.764489605140685,-0.023066895791941128,0.004367734771221876,-0.006017468869686127,0.43687812662515785,-0.014458976686000824
1746738796264936200,54.31493627929687,0.08111882813792105,0.01338154822587967,0.0400815189070245,-0.006400500424206257,0.019253197810699823,0.9987451153611647,0.040356042111120365,right,-0.0028557181358337402,-0.04449655488437523,0.7938448044065386,-9.764728090071678,-0.023041548344437866,-0.00041791796684265137,-0.006105266511440277,0.4362173611614853,-0.013274166733026505
1746738796304936200,54.35493627929687,0.08079289291305695,0.005825304426252842,0.03991604669394808,0.0032660486176609993,0.019390612105942156,0.9987494496541854,0.04062230786818668,right,-0.0005829930305480957,-0.044462578184239834,0.7906632517609745,-9.76500106179416,-0.023026757597525784,-0.0024511374067515135,-0.00488685816526413,0.43588451247792687,-0.010669466108083725
1746738796344936200,54.39493627929688,0.08082821057761894,-0.00286099873483181,0.039931000520894516,-0.0009762723930180073,0.019383787339461663,0.9987460051046082,0.040619918886006474,right,-0.0032688379287719727,-0.04471849512319555,0.7909991326518356,-9.764861361062525,-0.023154846260239163,-0.011692016385495663,-0.0038424208760261536,0.4383917095258832,-0.008177544921636581
1746738796384936400,54.4349365234375,0.08079103247355916,-0.011610562913119793,0.03990965025959728,0.003772058989852667,0.019182114138590244,0.9987430492887422,0.04024300948960002,right,-0.0016685724258422852,-0.04539876555241165,0.790611813834682,-9.764591311949491,-0.02348665919995426,-0.01887640543282032,-0.0035592541098594666,0.44505609931852663,-0.008843142539262772
1746738796424936200,54.47493627929688,0.0806764167398715,-0.005297317169606686,0.03984823280087586,-0.004903221968561411,0.0189746225620287,0.9987397876527367,0.03985887241095271,right,-0.0033869147300720215,-0.046233290684739144,0.7894624246038496,-9.764308403354883,-0.02389462833426183,-0.01938212662935257,-0.007165625691413879,0.45323140513077376,-0.012375008314847946
1746738796464936200,54.514936279296876,0.0805277521939126,0.010590228252112865,0.03976491620236851,-0.0009506428614258766,0.01903474714527439,0.9987334886888155,0.040004316899240416,right,-0.0026751160621643066,-0.04693512565010771,0.7879850455276668,-9.76410615878105,-0.024246571316790404,-0.017861973494291306,-0.00620713084936142,0.4601065881298855,-0.00988837331533432
1746738796504936200,54.554936279296875,0.08055121672786407,0.012915625236928463,0.0397610768100252,-0.0035385838709771633,0.01934290194342254,0.9987185045006273,0.04065155986356486,right,-0.0025320053100585938,-0.04766055867648244,0.7881870709057897,-9.763752523037791,-0.02462190597326525,-0.018664274364709854,-0.007289886474609375,0.4672126938080415,-0.007650852203369141
1746738796544936200,54.594936279296874,0.08060447073488082,0.001970977522432804,0.03977806571366532,0.0022555175237357616,0.019555113059564755,0.9987086615310702,0.041093648319894586,right,-0.003558218479156494,-0.04804786642424055,0.7886923900794237,-9.76352923567593,-0.024824612229555013,-0.007382940500974655,-0.0065588876605033875,0.47100653313305224,-0.004449237138032913
1746738796584936200,54.63493627929687,0.08071442885478713,-0.010954438708722591,0.03983386068616739,0.004137468058615923,0.019436562615081924,0.9987065942815307,0.040866367283929006,right,-0.0018723011016845703,-0.04822876102384495,0.7897590694628656,-9.763357386240363,-0.024911487191176057,-0.002576683182269335,-0.00679248571395874,0.472778474709019,-0.005625568330287933
1746738796624936400,54.6749365234375,0.08094855715093925,-0.00744141498580575,0.03995789656790711,0.006106524728238583,0.019185713958248227,0.9987077699466419,0.04036637942336019,right,-0.0020981431007385254,-0.048143819652737806,0.7920482033133507,-9.76321184028983,-0.024861359184847675,0.005793731193989515,-0.005930401384830475,0.47194644433166827,-0.009776804596185684
1746738796664936200,54.71493627929687,0.0811984376543017,-0.0005199834704399109,0.04008875311323555,0.004188436083495617,0.01906970617318139,0.9987083984351356,0.04012810299818757,right,-0.0031166672706604004,-0.04784754207070792,0.7944991035968065,-9.763152803578972,-0.024711041179543414,0.006707745138555765,-0.005655981600284576,0.4690442931493744,-0.011124543845653534
1746738796704936200,54.75493627929688,0.0814471884067866,0.004418615251779556,0.040214506782087205,0.004693076945841312,0.019128381679771045,0.9987055080281049,0.040240313091375254,right,-0.002138495445251465,-0.04756985431740212,0.7969382403772324,-9.763084414517879,-0.024577010901942947,0.002143110614269972,-0.005928933620452881,0.46632422053571787,-0.00903666764497757
1746738796744936200,54.79493627929688,0.08164319859193102,0.0032078796066343784,0.0403112087459771,0.0027492023073136806,0.019214841171325613,0.998700949238576,0.040414509640854634,right,-0.0031754374504089355,-0.0474785860969459,0.7988553991101681,-9.76297043274939,-0.024536823189754756,-0.0013382276520133018,-0.006041616201400757,0.46543019430544225,-0.010027781128883362
1746738796784936200,54.834936279296876,0.08180520429004395,0.0016049465630203485,0.04038876725910839,0.0070663937367498875,0.019274549915187587,0.9986945545428975,0.04054485174549408,right,-0.0021106600761413574,-0.047642524664636636,0.8004307586681098,-9.76276468104422,-0.0246228708565825,-0.007579904980957508,-0.0056632161140441895,0.4670360585995018,-0.00955943763256073
1746738796824936200,54.874936279296875,0.08205802611221724,0.00028855132404714823,0.04050807774002775,0.005316407419741154,0.019331067084976936,0.9986824333208667,0.04068460648581456,right,-0.0036644339561462402,-0.04813215920068785,0.8028801245816052,-9.762332719367741,-0.024872624052129234,-0.014048082754015923,-0.006149671971797943,0.47183220683485266,-0.009782180190086365
1746738796864936400,54.9149365234375,0.08227258426422986,0.002821668516844511,0.040610052723201395,0.0038570729084312916,0.019372915492150356,0.9986728919325258,0.04078883011144238,right,-0.0036980509757995605,-0.04849399510400552,0.8049606571827084,-9.761989605018496,-0.025057484298893738,-0.006783384829759598,-0.0064970701932907104,0.4753764918455854,-0.009394310414791107
1746738796904936200,54.954936279296874,0.08235496794658745,-0.005470393691211939,0.040647158342626534,-0.005107799079269171,0.019388955607689592,0.9986670415859803,0.040836405201035465,right,-0.005641639232635498,-0.04881496428616393,0.8057522459518164,-9.761770409309863,-0.025219512373304144,-0.003834537696093321,-0.0075970664620399475,0.4785203793618828,-0.008775468915700912
1746738796944936200,54.99493627929687,0.08244080352482022,-0.00864113587886095,0.04069550524959078,0.004498665686696768,0.019241315593562364,0.9986700821612978,0.040536213928153646,right,-0.0030372142791748047,-0.048654798263620756,0.8065964416909962,-9.76177742357254,-0.025134263500661863,0.006273343693464994,-0.0060795024037361145,0.4769515591425821,-0.006020471453666687
1746738796984936200,55.03493627929687,0.08259739477222808,-0.01130615919828415,0.04078213812866599,0.002382678212597966,0.01902563338108823,0.9986743179429703,0.04009661556033165,right,-0.004146575927734375,-0.04837735582841014,0.8081359262179583,-9.761782684269546,-0.024988276466296908,0.0028359603602439165,-0.004368960857391357,0.4742339707469567,-0.00471116229891777
1746738797024936200,55.07493627929688,0.08272427668002483,-0.012297551147639751,0.04085360948985297,0.004647471010684967,0.018734229733161585,0.9986781880563014,0.03951288397587167,right,-0.0024003982543945312,-0.04829789677253263,0.8093776699073613,-9.761717802339792,-0.024937884925348017,-0.0010113115422427654,-0.00575634092092514,0.47345567985083903,-0.008177004754543304
1746738797064936200,55.11493627929688,0.08255974599898383,-0.001742740161716938,0.04077626818050847,-0.0019295415841042995,0.018545508045056485,0.998685190176817,0.03913062762577495,right,-0.0017084479331970215,-0.04829292246211186,0.8077717690806835,-9.761852826896309,-0.024926066216699582,0.0012243380770087242,-0.005641967058181763,0.4734069453382864,-0.012133430689573288
1746738797104936400,55.1549365234375,0.08241391996267595,0.014751817099750042,0.040699993793328754,-0.002018346218392253,0.01869185467237743,0.9986856473870684,0.03941948702696637,right,-0.0021395087242126465,-0.04827902379378277,0.8063487505402416,-9.761977330058812,-0.02492365217247402,-0.004608520772308111,-0.00634419173002243,0.4732707882706076,-0.010076746344566345
1746738797144936400,55.1949365234375,0.08233755369214539,0.016175255179405212,0.04065162098612061,-0.0035232463851571083,0.019058333238030172,0.9986790507561283,0.0401557153179162,right,-0.0008246898651123047,-0.04838008009406352,0.8055993204124271,-9.761991358584165,-0.0249883649883745,0.00006271945312619209,-0.006375730037689209,0.4742606760907918,-0.009799037128686905
1746738797184936200,55.234936279296875,0.08239685707626088,0.003961739130318165,0.04067706856639831,0.0013679638504981995,0.01931231889926199,0.9986753314993019,0.040657591453356456,right,-0.002498924732208252,-0.048182228625593564,0.8061859611939638,-9.762036951291561,-0.024900347257757152,0.0033267911057919264,-0.00507836788892746,0.47232265723291783,-0.006108690053224564
1746738797224936200,55.274936279296874,0.08247333267509804,-0.006470693275332451,0.040717788705863865,0.001777103403583169,0.019241490034828987,0.9986760132638052,0.04051468290183086,right,-0.0013883113861083984,-0.048111066494598856,0.8069352451913059,-9.762008309718967,-0.024862642933914623,0.0002938234247267246,-0.005786888301372528,0.4716256148794666,-0.00902557373046875
1746738797264936200,55.31493627929687,0.0827476994749326,-0.0052182795479893684,0.04086170602348072,0.008489508181810379,0.01907081385757949,0.9986765630683094,0.04016927996236256,right,-0.0018463134765625,-0.04786210692604502,0.8096232421662658,-9.761903680300712,-0.024733917477272972,0.011248666793107986,-0.00545530766248703,0.469186953023076,-0.012860201299190521
1746738797304936200,55.35493627929687,0.08311464113598593,-0.0018810431938618422,0.04105263723822773,0.00920491386204958,0.01902615072792191,0.9986770108882959,0.04006331257760811,right,-0.0021020174026489258,-0.04725317496628709,0.8132288654427975,-9.76188848273158,-0.024431191842338204,0.018259963020682335,-0.0048965513706207275,0.4632221263345331,-0.011764049530029297
1746738797344936200,55.39493627929688,0.08349387064167459,-0.003576044924557209,0.04124963353553974,0.0053162956610322,0.018965593660685485,0.9986769455563965,0.039927206255467335,right,-0.004198670387268066,-0.04668241707035694,0.8169527082715183,-9.761841136458516,-0.024147003333312912,0.004508664831519127,-0.004258319735527039,0.4576311013944447,-0.00923360139131546
1746738797384936400,55.4349365234375,0.08366479164522196,-0.00597268994897604,0.04133615715948705,0.0024577141739428043,0.018866332722033193,0.998674011675976,0.03973710117437808,right,-0.0018149018287658691,-0.04678986520729343,0.8186170612871646,-9.761652335888147,-0.02419834556834095,-0.007946232333779335,-0.004759550094604492,0.4586836426546797,-0.01174313947558403
1746738797424936200,55.47493627929688,0.08371443342600181,0.0017486782744526863,0.04135757003799611,0.004630655981600285,0.018830775929068188,0.9986690845784697,0.03968348344991648,right,-0.0005805492401123047,-0.047176866660912226,0.8190867246255278,-9.761434309223294,-0.02439094175971216,-0.012987451627850533,-0.004721544682979584,0.46247463243547826,-0.012927670031785965
1746738797464936200,55.514936279296876,0.0839091945462173,0.008099889382719994,0.04144324620648555,0.0016424795612692833,0.01899170895309137,0.9986538261581985,0.0400397721520521,right,-0.0031835436820983887,-0.04786547273042851,0.8209609940648078,-9.76095500127375,-0.024743986460124382,-0.023208774626255035,-0.007100000977516174,0.4692199419772252,-0.011368509382009506
1746738797504936200,55.554936279296875,0.08399402693266779,0.008965576067566872,0.04147292908088292,0.004204181954264641,0.01918070280073424,0.9986398252601985,0.040450793222780786,right,-0.0026166439056396484,-0.04858111102152354,0.8217606930751353,-9.76054817403853,-0.02511063663026246,-0.01606345735490322,-0.005559198558330536,0.4762297842066735,-0.00927979126572609
1746738797544936200,55.594936279296874,0.0838931745079129,0.00015115458518266678,0.04141322832424472,-0.004778743721544743,0.019279158964557733,0.9986325754905442,0.04067159072976295,right,-0.0043221116065979,-0.04919691817445157,0.8207515160325914,-9.760336577114462,-0.025421712013035842,-0.011166684329509735,-0.006932638585567474,0.48226157518420365,-0.009560830891132355
1746738797584936200,55.63493627929687,0.08373036665017913,-0.005103257019072771,0.04133457577976025,0.005511322990059853,0.01913492908781676,0.9986375823815072,0.04038271399219553,right,-0.0020087361335754395,-0.04929412850361162,0.819158547752723,-9.760423670876026,-0.02546270878810059,-0.003651832230389118,-0.005511358380317688,0.483213724809885,-0.008675917983055115
1746738797624936400,55.6749365234375,0.08375121044864767,-0.009274257346987724,0.041344335672889254,0.0010369028896093369,0.01897398322769035,0.9986349407639683,0.04007909066869198,right,-0.002826094627380371,-0.049722836219079664,0.8193445718441158,-9.760199214470386,-0.025670683713597067,-0.015799717977643013,-0.004415646195411682,0.487412783934921,-0.006615303456783295
1746738797664936200,55.71493627929687,0.08375854643082989,-0.010595968924462795,0.041345697216743346,0.0007683506701141596,0.01876135297465344,0.9986298915386272,0.03968343810805669,right,-0.002506434917449951,-0.05043044703212778,0.8193871688768267,-9.759846747770904,-0.026015882656744534,-0.01704394817352295,-0.0047358497977256775,0.4943433503830805,-0.007822573184967041
1746738797704936200,55.75493627929688,0.08351705915524801,-0.006598426960408688,0.04122248752073288,-0.010623445734381676,0.018537371543577666,0.9986291642399066,0.0392617761883927,right,-0.003742814064025879,-0.051215749563159746,0.8169975703265517,-9.759654440069198,-0.02639702366540703,-0.019736431539058685,-0.006100229918956757,0.5020345990054309,-0.010403703898191452
1746738797744936200,55.79493627929688,0.08308512819481732,0.012783796526491642,0.04099790430150278,-0.0118553526699543,0.018600135575444758,0.9986282809853183,0.03940456339725058,right,-0.0027070045471191406,-0.05189323126352408,0.8127535760812461,-9.759665545985102,-0.02673421029681137,-0.015298379585146904,-0.006719224154949188,0.5086696165731176,-0.010682716965675354
1746738797784936200,55.834936279296876,0.08265723897374457,0.017819968983530998,0.04076802727581328,-0.013251704163849354,0.019006313859077025,0.9986231268091014,0.04022725089456942,right,-0.001581728458404541,-0.052386867280371924,0.8085566358480603,-9.75976082305312,-0.026993470986323227,-0.00904773361980915,-0.007463894784450531,0.5135039413943886,-0.007817402482032776
1746738797824936200,55.874936279296875,0.08258647964387017,0.00641267653554678,0.04071950395563378,-0.0047719962894916534,0.019389245687775464,0.9986138208112907,0.041002838191037054,right,-0.0038407444953918457,-0.05263969204369387,0.8078552826456725,-9.7596883423388,-0.027134826797818652,-0.006874396465718746,-0.006566308438777924,0.5159799030538648,-0.002895396202802658
1746738797864936400,55.9149365234375,0.08253193086945407,-0.00690833106637001,0.04068876017402608,0.0024892622604966164,0.01940343047494747,0.9986110376996501,0.041041334089100705,right,0.0004943013191223145,-0.052916261027870455,0.8073111658316106,-9.759590142661333,-0.02727316746931732,-0.0040068915113806725,-0.007233917713165283,0.5186883217623457,-0.0057593658566474915
1746738797904936200,55.954936279296874,0.08278460289427028,-0.006346509791910648,0.040819992824655295,0.009590831585228443,0.019249439332889466,0.9986099866550905,0.040736245748282975,right,-0.0009480118751525879,-0.052830936809155245,0.8097807708155363,-9.759429983663559,-0.027226789625341107,0.009645748883485794,-0.007883414626121521,0.5178527477210387,-0.009082857519388199
1746738797944936200,55.99493627929687,0.08319985969116182,-0.002336458768695593,0.04103539364184407,0.01194790005683899,0.01914647490881565,0.9986096539201057,0.04052106453208375,right,-0.000895380973815918,-0.052349717047078075,0.8138539385385811,-9.759339967292547,-0.02698610799025295,0.01378551870584488,-0.007267259061336517,0.5131401130506769,-0.010232862085103989
1746738797984936200,56.03493627929687,0.08359262814954765,-0.004801755305379629,0.041238370036456966,0.008602596819400787,0.019087653285686876,0.9986088603745098,0.04039338566787671,right,-0.002318441867828369,-0.05186596864682535,0.8177076913572847,-9.759265733012557,-0.026745709651540262,0.006369586102664471,-0.005635514855384827,0.5084025996673852,-0.010541599243879318
1746738798024936200,56.07493627929688,0.08387344840382531,-0.004548586439341307,0.04138354133969726,0.00630029384046793,0.01896809429020497,0.998607430253079,0.04015437645140261,right,-0.0008192658424377441,-0.05169932693812082,0.820455382630229,-9.759119602540135,-0.026660242918466113,-0.0012503410689532757,-0.005769699811935425,0.5067706145513803,-0.010814633220434189
1746738798064936200,56.11493627929688,0.08411499863508198,-0.001502783503383398,0.04150335298444973,0.003306454047560692,0.018900386834096502,0.9986007610897601,0.040034868053139994,right,-0.0008783936500549316,-0.05192574845845245,0.8228029686696827,-9.758806883329152,-0.026773099980659496,-0.011427197605371475,-0.005382433533668518,0.5089880714051425,-0.010206598788499832
1746738798104936400,56.1549365234375,0.08432224482405803,0.006973933894187212,0.041600320045407264,0.00564919225871563,0.018963274779436705,0.9985896218072824,0.04018457165202409,right,-0.0008963346481323242,-0.05235179099879384,0.8248070750337093,-9.758419345316291,-0.026990886038277852,-0.012848732993006706,-0.005264855921268463,0.5131604251863434,-0.010022051632404327
1746738798144936400,56.1949365234375,0.08442922075238882,0.005910147912800312,0.04164364067717342,0.002555664861574769,0.01913074563123521,0.9985777461432578,0.04054387626798545,right,-0.0018873810768127441,-0.05284269018099799,0.825829696079716,-9.758078569054604,-0.02724447298748329,-0.007180956192314625,-0.00685998797416687,0.5179678620006889,-0.00968988612294197
1746738798184936200,56.234936279296875,0.08437953964601203,-0.005141416564583778,0.04162155369573256,0.005643641576170921,0.019108834907383243,0.9985816574636835,0.04049064966887911,right,-0.0013276338577270508,-0.05265585331216689,0.8253530184786766,-9.758215931698679,-0.0271496088803426,0.01193623524159193,-0.004629157483577728,0.5161381623554975,-0.007277984172105789
1746738798224936200,56.274936279296874,0.08446177516189697,-0.014061127789318562,0.041671808766352875,0.0013022455386817455,0.018891379318992017,0.9985879690474055,0.0400446182388921,right,-0.0025671720504760742,-0.05235808383807369,0.8261684265147894,-9.758300687372683,-0.026992434589107755,0.006549741607159376,-0.0043732598423957825,0.5132220557130873,-0.007337089627981186
1746738798264936200,56.31493627929687,0.08454661305246415,-0.009289022535085678,0.04172308277304523,0.005003533326089382,0.018662617670156086,0.9985937216381974,0.0395780000636971,right,-0.002827286720275879,-0.052107222741884396,0.8270071423612535,-9.758358555039763,-0.026858255130795376,0.00580609031021595,-0.004756934940814972,0.5107653102107346,-0.009667422622442245
1746738798304936200,56.35493627929687,0.08450460283414228,-0.0017015286721289158,0.04170699149695702,-0.0010799942538142204,0.01854341345934355,0.9985987938442208,0.03933162399567192,right,-0.002436518669128418,-0.05195525886540931,0.8266037491921335,-9.758470783242583,-0.026776853775457344,0.0029244974721223116,-0.005694173276424408,0.5092770809469744,-0.01018482819199562
1746738798344936200,56.39493627929688,0.0844168875037159,0.008039992302656174,0.04166110597685195,0.0021985883358865976,0.018639609290179302,0.9985994456924296,0.03952014223828664,right,-0.0014237761497497559,-0.05191331806095989,0.8257495435155927,-9.758564306744933,-0.02675902597453587,-0.001582140801474452,-0.0051278769969940186,0.5088663081889971,-0.008857857435941696
1746738798384936400,56.4349365234375,0.08439992800078606,0.003822069149464369,0.04164564730997919,-0.008224123157560825,0.018870406566169534,0.9985945462540953,0.03998505060975887,right,-0.002198934555053711,-0.05198629482371238,0.8255809089504181,-9.758541510391234,-0.02680498438493889,-0.003966891206800938,-0.007376618683338165,0.5095810323296115,-0.0064201317727565765
1746738798424936200,56.47493627929688,0.08439264717674476,0.0011506315786391497,0.04163854263012654,-0.0024758675135672092,0.019015564871683016,0.9985924508170523,0.04027395440363534,right,-0.00346529483795166,-0.051948237160385255,0.8255114969760179,-9.758566644832491,-0.026791929146456617,-0.001194230280816555,-0.007195457816123962,0.5092082900270819,-0.004298664629459381
1746738798464936200,56.514936279296876,0.08425296549299703,-0.0034486486110836267,0.041570052205459763,-0.0015944665065035224,0.01899852419438176,0.9985965008733375,0.04023323960346515,right,-0.0027341246604919434,-0.051881790543686544,0.824151241473481,-9.758715697914361,-0.026756581714399125,0.0029266797937452793,-0.0065927281975746155,0.5085575710333884,-0.006524302065372467
1746738798504936200,56.554936279296875,0.08426840799787409,-0.00028004497289657593,0.04158369207155809,0.004775751382112503,0.018942060906025862,0.9986023996832664,0.04010360525716798,right,-0.0023866891860961914,-0.051484294615611756,0.8243189261905849,-9.758903329440951,-0.026555571555575336,0.014956843107938766,-0.007492683827877045,0.5046646552480757,-0.009785827249288559
1746738798544936200,56.594936279296874,0.08442002861281078,0.000798454275354743,0.041669751135789836,0.004851538687944412,0.01893668902506803,0.9986110736601845,0.04005737124124818,right,-0.0027501583099365234,-0.05056004557511084,0.8258375140599906,-9.759238845005632,-0.02609458410790657,0.023900393396615982,-0.006944999098777771,0.49561267619915306,-0.01096053421497345
1746738798584936200,56.63493627929687,0.08459668490921023,-0.0017674313858151436,0.04177031393771181,0.004042349755764008,0.018899440937624107,0.9986209928657918,0.039943075334502046,right,-0.0039017796516418457,-0.04952524269422423,0.827604450667277,-9.759598910489677,-0.025577206568146334,0.017978142946958542,-0.005299657583236694,0.4854774319581687,-0.009655334055423737
1746738798624936400,56.6749365234375,0.08472603401000922,-0.005599896423518658,0.04184372634295252,0.00592755526304245,0.01880050504438644,0.9986271859601183,0.0397235222766069,right,-0.002748429775238037,-0.04894870389722613,0.8288903257593512,-9.759769006359576,-0.02528597592525791,0.00474231131374836,-0.0035983100533485413,0.47983036598190665,-0.010229039937257767
1746738798664936200,56.71493627929687,0.08492296327098997,-0.0017441087402403355,0.04194344840522952,0.0019836663268506527,0.01871945930310993,0.9986238536420833,0.039568537845921355,right,-0.0033290982246398926,-0.04900326167450255,0.8308101148407906,-9.759579036745428,-0.02531181741407258,-0.007606707513332367,-0.004947185516357422,0.48036476511955256,-0.01128227636218071
1746738798704936200,56.75493627929688,0.08504638992112137,0.00418888172134757,0.041999474198136606,0.001915070810355246,0.018767890112758465,0.9986154326254826,0.03968566537896726,right,-0.0020371079444885254,-0.04939839668369944,0.8319985209077596,-9.759286775800586,-0.025512719993141364,-0.011753203347325325,-0.005165494978427887,0.48423499414902177,-0.01196720078587532
1746738798744936200,56.79493627929688,0.08502096718174601,0.008960604667663574,0.0419762479551234,0.000052273739129304886,0.01894876656423487,0.9986059300391038,0.04007025789677446,right,-0.0026341676712036133,-0.04993258409565372,0.831728325664252,-9.759048875391482,-0.025787266129395428,-0.015118435956537724,-0.00686490535736084,0.4894671226488426,-0.011897392570972443
1746738798784936200,56.834936279296876,0.08478310161560607,0.0016483059152960777,0.04185271115611442,0.001955835148692131,0.019047048427543633,0.9986065110941564,0.04026985802620571,right,0.00004225969314575195,-0.050140066829323635,0.8293983483467251,-9.75914473698139,-0.02589278220206301,-0.0024550622329115868,-0.005522340536117554,0.49149932259619233,-0.010898366570472717
1746738798824936200,56.874936279296875,0.08488665269230813,-0.0035470128059387207,0.04190205030183663,0.003457016311585903,0.019053278962177716,0.9986017983565261,0.04029337302221417,right,-0.0021913647651672363,-0.050334377975659074,0.8304008033875375,-9.758963535195589,-0.025991275778329184,-0.008062250912189484,-0.00565781444311142,0.49340245280377565,-0.007825545966625214
1746738798864936400,56.9149365234375,0.08507579177999254,-0.008143970742821693,0.04199369962246862,0.006404396612197161,0.018967785411634807,0.998593793785183,0.04014623764530714,right,-0.00176161527633667,-0.05077944025066768,0.8322277996189892,-9.75858651857674,-0.026212197319515625,-0.010916739702224731,-0.00452558696269989,0.49776145173087716,-0.00949149951338768
1746738798904936200,56.954936279296874,0.08518645476091374,-0.006338199600577354,0.04204718265545179,0.0013712896034121513,0.018832862118190116,0.9985879034735989,0.039899465819955494,right,-0.0035734176635742188,-0.05125596592238705,0.8332874647397548,-9.758256848230957,-0.026445975970760704,-0.01356842927634716,-0.006438590586185455,0.5024284936938435,-0.010042734444141388
1746738798944936200,56.99493627929687,0.08514558848433247,0.00773170031607151,0.04202222150018365,0.00044231186620891094,0.018832411594592802,0.9985834915422317,0.03991530636718776,right,-0.002155005931854248,-0.0516694226405139,0.8328709198281169,-9.75808324522972,-0.026652350625428787,-0.00990295223891735,-0.006007328629493713,0.5064777325520292,-0.010714452713727951
1746738798984936200,57.03493627929687,0.08515619568500223,0.010404742322862148,0.04201596275206615,-0.007441739551723003,0.0191129062270138,0.9985733163160337,0.04049296379597279,right,-0.005324244499206543,-0.05203081306827957,0.8329588173072785,-9.757891522049903,-0.026845016450691254,-0.011424461379647255,-0.007005475461483002,0.5100170125940814,-0.0068452246487140656
1746738799024936200,57.07493627929688,0.08518972019590974,0.003859422169625759,0.04202477032201665,0.0022186916321516037,0.0192954639962023,0.9985655934731787,0.040870964328697475,right,-0.0033588409423828125,-0.052296443517502324,0.8332743860624731,-9.757728440442682,-0.02698590070956329,-0.005402615759521723,-0.005678415298461914,0.5126183907315135,-0.0058608949184417725
1746738799064936200,57.11493627929688,0.08518517991597928,-0.005619989708065987,0.042022071852558046,0.0006505558267235756,0.019255134980491518,0.9985647088450716,0.04079587164313435,right,-0.002275526523590088,-0.05243094560396295,0.8332241902451962,-9.757662973991035,-0.02705143072421097,-0.0032322716433554888,-0.0073507800698280334,0.5139356108099222,-0.005932975560426712
1746738799104936400,57.1549365234375,0.08531111101415527,-0.00481117470189929,0.04208785992948801,0.004916051402688026,0.019121491736522382,0.9985638486420709,0.040534146155544765,right,-0.0022476911544799805,-0.052489569700708984,0.8344504441045224,-9.757527949434518,-0.02707640358199245,0.0028584797400981188,-0.0077236369252204895,0.5145097209034487,-0.009620562195777893
1746738799144936400,57.1949365234375,0.08547475805281209,0.0022628591395914555,0.04217383282243806,0.005560240242630243,0.019080031107573097,0.9985649056376601,0.04044320529845322,right,-0.0031694769859313965,-0.052204558422510663,0.8360597059320658,-9.757537301784753,-0.02693375518963233,0.009581991471350193,-0.006813332438468933,0.5117185558149591,-0.01138075441122055
1746738799184936200,57.234936279296875,0.08568399381344668,0.0015087123028934002,0.04228272496674072,0.004821536596864462,0.019113596309668246,0.9985659865916134,0.04049522969320445,right,-0.002595663070678711,-0.05172417366642916,0.8381222644850611,-9.757605690845846,-0.026697015327533154,0.007472170051187277,-0.006082125008106232,0.5070139583205804,-0.009539961814880371
1746738799224936200,57.274936279296874,0.08579895253133508,-0.0035533099435269833,0.042340891727690184,0.0036667431704699993,0.019134565563271907,0.9985647078615381,0.0405350050967863,right,-0.0014221668243408203,-0.05160224950859156,0.8392492226883769,-9.757571204054354,-0.026638083774282555,-0.001815479714423418,-0.004849173128604889,0.505819853165187,-0.009543359279632568
1746738799264936200,57.31493627929687,0.08602658229142802,-0.0004721679724752903,0.042453397068159815,0.007978062145411968,0.019108903207060778,0.9985583209485336,0.040496455017671955,right,-0.0033939480781555176,-0.05175779052019251,0.8414636108022183,-9.75730115494132,-0.02671709778201168,-0.00658971955999732,-0.00512782484292984,0.5073431537423283,-0.01154664158821106
1746738799304936200,57.35493627929687,0.08629979175113481,0.006410303525626659,0.04258303131190045,0.006128454115241766,0.019195860275340048,0.9985458028492911,0.04069474261963432,right,-0.003053426742553711,-0.0521424337165365,0.8441124448105692,-9.756875623005628,-0.026915963618427137,-0.011011097580194473,-0.006234697997570038,0.5111101415930316,-0.011493142694234848
1746738799344936200,57.39493627929688,0.08644569894244071,0.005917900241911411,0.04264818664840307,-0.0013102833181619644,0.019359422926439114,0.998535840407508,0.04103867844533013,right,-0.004069149494171143,-0.052425596775824916,0.8455234806522727,-9.75660791198015,-0.027066065962467238,-0.010815003886818886,-0.007117383182048798,0.513883223035559,-0.008598458021879196
1746738799384936400,57.4349365234375,0.08639775905636009,-0.004559296183288097,0.042618241663096704,-0.009241042658686638,0.019457076053749436,0.9985310116040231,0.04124589714776351,right,-0.0038773417472839355,-0.05272099531188485,0.8450426383327693,-9.756496852821112,-0.027217496393370386,-0.0009066024795174599,-0.006561271846294403,0.5167760949328541,-0.007871460169553757
1746738799424936200,57.47493627929688,0.08642493368332296,-0.007489701267331839,0.042635659394580236,0.0033609559759497643,0.019350743906190734,0.9985335751673184,0.041029970804124766,right,-0.002921581268310547,-0.05263672549546897,0.845311518402025,-9.75651731108725,-0.027171087463072063,-0.0001046794350259006,-0.005542270839214325,0.5159508230898529,-0.00616484135389328
1746738799464936200,57.514936279296876,0.086578565157763,-0.010166560299694538,0.0427162555887112,0.0036867863964289427,0.019160642733919226,0.9985325232923669,0.04065812450405565,right,-0.0030853748321533203,-0.052744674397970974,0.8468056294173002,-9.75633143312633,-0.027218524385944916,-0.0073656244203448296,-0.005664333701133728,0.5170079674599692,-0.0063997842371463776
1746738799504936200,57.554936279296875,0.08662803238279887,-0.009739295579493046,0.042743964053944414,-0.0006781874690204859,0.01894411114869668,0.9985321869598799,0.04023701161275908,right,-0.003927648067474365,-0.053000839856407744,0.8472767540603876,-9.756157245603204,-0.0273378879786797,-0.003029121086001396,-0.0063906461000442505,0.5195165892800316,-0.010001707822084427
1746738799544936200,57.594936279296874,0.08636014013888291,0.0012286901473999023,0.04261021793958876,-0.005764808505773544,0.018884201936695943,0.9985370403342677,0.040116474945387726,right,-0.0027175545692443848,-0.05315611536761262,0.8446561232332139,-9.756303376075625,-0.027410303208210404,-0.004351460374891758,-0.005792766809463501,0.5210371864434331,-0.011169839650392532
1746738799584936200,57.63493627929687,0.08616230328088416,0.018847692757844925,0.042501028185933966,-0.0038060955703258514,0.019154156077375993,0.9985326616621115,0.0406635962557653,right,-0.0010793209075927734,-0.05342759875615135,0.8427137569937855,-9.75632909503877,-0.02755559677571497,-0.010536682792007923,-0.006373614072799683,0.5236957381282001,-0.008076436817646027
1746738799624936400,57.6749365234375,0.08601987054142224,0.010581600479781628,0.04241519996922205,-0.0034459440503269434,0.019533946672127406,0.9985234035046098,0.041436581559589375,right,0.0009087920188903809,-0.053799638640615134,0.8413073242619633,-9.756254276236891,-0.027756365927222238,-0.006530872080475092,-0.004712291061878204,0.5273389900013804,-0.007846374064683914
1746738799664936200,57.71493627929687,0.08599373427640795,-0.0016511809080839157,0.04239695896923514,-0.0016009846003726125,0.019695085120934663,0.9985199763871183,0.04176131987893394,right,-0.0020099878311157227,-0.05386183093085988,0.8410495501086115,-9.756243754842878,-0.027794043378147632,-0.000282888300716877,-0.004559077322483063,0.5279479887451977,-0.005461744964122772
1746738799704936200,57.75493627929688,0.08586811446172543,-0.007263286039233208,0.042337959771363065,-0.0005908532766625285,0.01961444717817499,0.9985258755245391,0.041590951369061255,right,-0.0017879605293273926,-0.053738749777387414,0.8398295067943632,-9.756413850712775,-0.027727754123990218,0.0028444852214306593,-0.005607053637504578,0.5267427046086639,-0.0073030441999435425
1746738799744936200,57.79493627929688,0.08590696658867038,0.0006968798115849495,0.04236489342363419,0.0017745135119184852,0.01951048848910256,0.9985325098598841,0.04136615456767424,right,-0.0025272369384765625,-0.053333262264332375,0.8402268355488777,-9.75659329893291,-0.027520937475106852,0.012031665071845055,-0.005984850227832794,0.5227719378141686,-0.011110588908195496
1746738799784936200,57.834936279296876,0.0858995236330796,0.012109769508242607,0.04236511313751672,-0.0032671289518475533,0.019644789626819478,0.9985387738288158,0.04160618720043891,right,-0.0013193488121032715,-0.05267252620199062,0.8401836539942771,-9.756941673979163,-0.02719608028337747,0.017492184415459633,-0.006301604211330414,0.5163014266258106,-0.011731557548046112
1746738799824936200,57.874936279296875,0.08580543637504977,0.010411207564175129,0.04231899139678583,-0.0009581861086189747,0.01987903222506979,0.998544236670644,0.042045926682103996,right,-0.002042531967163086,-0.0520545381684724,0.8392928426343947,-9.757336810776591,-0.02689593114079864,0.006829916499555111,-0.005927868187427521,0.5102493600452318,-0.009640123695135117
1746738799864936400,57.9149365234375,0.08577453945768797,0.004135774448513985,0.04230152531158624,-0.00213853782042861,0.02001653804265343,0.9985439848099332,0.042314370367294726,right,-0.0036762356758117676,-0.05191333678440467,0.8389975129496305,-9.757434425932168,-0.026830807270154636,-0.004626131616532803,-0.006238579750061035,0.5088664908520877,-0.009810801595449448
1746738799904936200,57.954936279296874,0.08586577819112137,0.0056950063444674015,0.0423400239816281,0.005994450766593218,0.020122199563914797,0.9985352285287081,0.04254392793245044,right,-0.001222372055053711,-0.05226900925177709,0.8398721768923103,-9.757176651778817,-0.02701415009387983,-0.013256018981337547,-0.005324043333530426,0.5123497298579662,-0.010320540517568588
1746738799944936200,57.99493627929687,0.08618562889317832,0.005353172775357962,0.042489271537304626,0.005156631115823984,0.020270551737742597,0.9985183379953861,0.04287297619578287,right,-0.0024639368057250977,-0.052801363756222804,0.8429694122552871,-9.756634215465187,-0.027290131870050725,-0.015892090275883675,-0.006063453853130341,0.5175631536573171,-0.00996444746851921
1746738799984936200,58.03493627929687,0.08645304360694972,0.004355539567768574,0.04261414845535841,0.0038760395254939795,0.0203703935942478,0.9985041002094696,0.043101581402764794,right,-0.0033881664276123047,-0.05328774470994695,0.8455565792042762,-9.756156661081313,-0.027540529409610194,-0.011728949844837189,-0.006873242557048798,0.5223262033406645,-0.008555442094802856
1746738800024936200,58.07493627929688,0.08658262098993798,-0.003507006913423538,0.042671505004579606,-0.0004381577018648386,0.020405985528912773,0.9984936138769233,0.04319955873864723,right,-0.005554556846618652,-0.05381422131907391,0.8467968615889548,-9.75577146115601,-0.027806767349250867,-0.00887461006641388,-0.006710514426231384,0.5274817594729364,-0.009119324386119843
1746738800064936200,58.11493627929688,0.08669746291686699,-0.004482004791498184,0.0427315174945697,0.010479714721441269,0.020263796107115904,0.9984926528285937,0.042922511213150785,right,-0.0023557543754577637,-0.053918004770107116,0.8479124946806579,-9.75562006998658,-0.027853830117331474,0.00009131338447332382,-0.0047997161746025085,0.5284980603760108,-0.008254054933786392
1746738800104936400,58.1549365234375,0.08710407431617581,-0.006416384596377611,0.04293599181305833,0.006835557520389557,0.020162666640585015,0.9984845683090864,0.042735701253502345,right,-0.0029845237731933594,-0.054017900431601505,0.8518746032446622,-9.755221426057815,-0.027903807482252813,-0.007729904726147652,-0.0016818568110466003,0.5294762942910194,-0.005347196012735367
1746738800144936400,58.1949365234375,0.08729506838176443,-0.0048238737508654594,0.04302915112695518,0.001203056424856186,0.02003439870196816,0.9984764339695325,0.04250546557108931,right,-0.002537250518798828,-0.05450045886787044,0.8537153357405215,-9.7548029083848,-0.028141680088444573,-0.01098603568971157,-0.001651659607887268,0.5342016057798639,-0.007505647838115692
1746738800184936200,58.234936279296875,0.08695898859540445,0.00308892410248518,0.04285455450056505,-0.01323175709694624,0.02001364667356957,0.9984754751092972,0.042482508276357224,right,-0.002947211265563965,-0.055137383966379225,0.8504072341058403,-9.754748547849058,-0.02845578282801284,-0.015174267813563347,-0.0028600841760635376,0.5404383082123473,-0.007126085460186005
1746738800224936200,58.274936279296874,0.08646138455104142,0.017800569534301758,0.04259483250781978,-0.010968893766403198,0.020205324986696586,0.9984754056112116,0.04287446442683489,right,0.0013753175735473633,-0.055643588366190266,0.8455293989364058,-9.754896431887149,-0.028711855758720574,-0.00557936355471611,-0.006178833544254303,0.545394871173799,-0.008631154894828796
1746738800264936200,58.31493627929687,0.08644496550492754,0.025245301425457,0.04257683813459209,0.00713755376636982,0.020672422558406123,0.9984703019369298,0.04379652455991655,right,0.0019272565841674805,-0.055345055115851034,0.8453831953987478,-9.755072372975945,-0.028582291214219797,0.012124190106987953,-0.009962446987628937,0.5424717868013307,-0.00450742244720459
1746738800304936200,58.35493627929687,0.08737643927148393,-0.009534575045108795,0.04303984087640118,0.030620934441685677,0.02090274735030435,0.9984507650442398,0.044266670729043556,right,-0.0015810132026672363,-0.054941533296700915,0.8544885120701045,-9.754497787958384,-0.028400598438924587,0.0026419954374432564,-0.0061751678586006165,0.5385206014901399,0.0024399273097515106
1746738800344936200,58.39493627929688,0.08854015830599425,-0.040544912219047546,0.04363728674751066,0.024086808785796165,0.02033557319660771,0.9984378210899919,0.04316054856681964,right,-0.005507171154022217,-0.05487248826563659,0.8658427036467939,-9.75353391136229,-0.028354161341129207,0.005467003211379051,-0.005047760903835297,0.537844492326863,-0.005772195756435394
1746738800384936400,58.4349365234375,0.08917521752049495,-0.03847112879157066,0.0439809491326583,0.011259298771619797,0.019459592914049396,0.998443590221741,0.041415993154770694,right,-0.005084097385406494,-0.054698034299202135,0.8720449192877858,-9.753075646200775,-0.028235178590432817,0.006835619453340769,-0.0014525428414344788,0.5361362636368722,-0.010397449135780334
1746738800424936200,58.47493627929688,0.0891429589167212,-0.01170310191810131,0.043980963335180354,-0.009366946294903755,0.01891655796943773,0.9984557415039426,0.04032429687808693,right,-0.00760495662689209,-0.054630914809460245,0.8717335152510554,-9.75313935908675,-0.028177353660903095,0.0046567367389798164,-0.0002809688448905945,0.5354790418371558,-0.01718859374523163
1746738800464936200,58.514936279296876,0.08792110645287288,0.03212573379278183,0.04337009295353567,-0.05105193704366684,0.019102613386289453,0.9984838235156174,0.04064729105725798,right,-0.008259296417236328,-0.05428947482703381,0.8598319919899106,-9.754378545492887,-0.02800234383143067,0.008437088690698147,-0.002051606774330139,0.5321356131607666,-0.021203957498073578
1746738800504936200,58.554936279296875,0.08535467917643998,0.04637480899691582,0.04206794955116611,-0.07139390707015991,0.02000593652424299,0.9985256802507304,0.042371849409667144,right,-0.003318309783935547,-0.05399351370028411,0.8348086098924279,-9.756709618788957,-0.027866334105129356,-0.010952339507639408,0.00018911808729171753,0.5292374805664644,-0.00809202715754509
1746738800544936200,58.594936279296874,0.0827991977693224,0.030974609777331352,0.04076069472479921,-0.05717494338750839,0.020834910748100295,0.9985519654168767,0.04399287219948785,right,0.0016811490058898926,-0.054754704744209015,0.8098392960697413,-9.758407070356608,-0.02825383248088844,-0.033569417893886566,-0.0023411810398101807,0.5366911941058934,-0.007051818072795868
1746738800584936200,58.63493627929687,0.08086637587711748,0.038675256073474884,0.039764337603465386,-0.042451269924640656,0.02154908156649137,0.9985631602852614,0.04540774651365342,right,0.0025461316108703613,-0.055708301551144104,0.7909348352439701,-9.759439336013793,-0.02873792258968155,-0.020555295050144196,-0.00803685188293457,0.5460285294348374,-0.014330942183732986
1746738800624936400,58.6749365234375,0.07940219725116443,0.05531126260757446,0.03900122717819194,-0.03144998475909233,0.022561441326808547,0.998566387043204,0.04740419998207435,right,0.004505515098571777,-0.055980198755487945,0.7766326075166463,-9.760438868445158,-0.028896833293529395,-0.005851433612406254,-0.00815223902463913,0.5486907709140331,-0.011401832103729248
1746738800664936200,58.71493627929687,0.07850122400197168,0.05282539129257202,0.038520028368216275,-0.017744913697242737,0.023706266673942586,0.9985590895608242,0.04966688856075476,right,0.0006444454193115234,-0.05587582358082377,0.7678428596004844,-9.761191732639073,-0.028878153429083005,0.0012245909310877323,-0.007102414965629578,0.5476688074551522,-0.009758636355400085
1746738800704936200,58.75493627929688,0.07795338888607632,0.029421372339129448,0.03822350909776522,-0.010409979149699211,0.02455693488993876,0.9985505747925678,0.05135089276976229,right,-0.0032390952110290527,-0.055776530175503984,0.7624994527459145,-9.76166461084783,-0.028854281519497954,0.001416147337295115,-0.0074821412563323975,0.5466965648895129,-0.012941762804985046
1746738800744936200,58.79493627929688,0.0777158129149223,0.025129009038209915,0.038096628768562416,-0.00028667598962783813,0.0250131034817047,0.9985486086890248,0.052244202803544276,right,-0.004281878471374512,-0.05543594413599435,0.7601947560001164,-9.762031106072664,-0.02869834480913818,0.007046128157526255,-0.006798289716243744,0.5433617213783786,-0.01565668359398842
1746738800784936200,58.834936279296876,0.07765024862838754,0.030953072011470795,0.03805036468629989,-0.003393104299902916,0.02555234187786177,0.9985381037129841,0.05331702469469462,right,-0.006609082221984863,-0.055300917838764146,0.7595604036193341,-9.762153855669498,-0.02865052770154717,-0.008155027404427528,-0.0057237595319747925,0.5420396059291437,-0.015095874667167664
1746738800824936200,58.874936279296875,0.07716567690650239,0.04038096219301224,0.03778302908647569,-0.02136867493391037,0.02627595248547051,0.9985241853327965,0.05476534236703709,right,-0.005755603313446045,-0.05562811589295029,0.7548161317016929,-9.762343240761757,-0.028835055399150215,-0.010921486653387547,-0.007744267582893372,0.5452433704065158,-0.016427941620349884
1746738800864936400,58.9149365234375,0.0760399233756743,0.038427773863077164,0.037187181283175504,-0.03159594535827637,0.027122705130871717,0.9985140534971928,0.056453917513853945,right,-0.001903235912322998,-0.0562741815027192,0.7437986977986991,-9.762833654627203,-0.02917421069242962,-0.024741511791944504,-0.0094761922955513,0.5515692124271765,-0.010702472180128098
1746738800904936200,58.954936279296874,0.07490662439455376,0.03936012089252472,0.036577594682702524,-0.026582159101963043,0.027976545470302108,0.9984942800068668,0.05817837012995046,right,-0.0019800662994384766,-0.05751059625154345,0.7326824066311121,-9.762982707709073,-0.029807646248678824,-0.039880093187093735,-0.012598827481269836,0.5636746972952038,-0.004899259656667709
1746738800944936200,58.99493627929687,0.07433324543299104,0.010017093271017075,0.03624414406064746,-0.001981738954782486,0.02858768858041577,0.9984610075224795,0.059455022259297885,right,0.0027235746383666992,-0.05934071610960982,0.7270066260170192,-9.762356100243329,-0.030736387352153744,-0.04905620962381363,-0.01053515076637268,0.5815913891926408,0.0005138032138347626
1746738800984936200,59.03493627929687,0.07493989653604749,-0.019006861373782158,0.03652509716981671,0.024849265813827515,0.028559909918823515,0.998429426886619,0.05947195908390007,right,-0.00009447336196899414,-0.060745228489140254,0.7328668963525444,-9.76108885678649,-0.03144648110260399,-0.02446611598134041,-0.008121445775032043,0.5953401477556676,-0.002151191234588623
1746738801024936200,59.07493627929688,0.07597359428219885,-0.0469750314950943,0.037047186582520146,0.030545054003596306,0.0279067483829848,0.9984148536420427,0.05823076071334611,right,-0.0025205612182617188,-0.06163547755831232,0.7429159966800362,-9.759794140800834,-0.03188263522635386,-0.019745077937841415,-0.004213638603687286,0.604054163554497,0.0000280626118183136
1746738801064936200,59.11493627929688,0.07694025696661014,-0.05067760497331619,0.03755117794019192,0.02280152589082718,0.02684526494195116,0.9984133117792507,0.05616618920575675,right,-0.004702925682067871,-0.06242056818616993,0.7523134281657635,-9.758595286405086,-0.032249261304405995,-0.011076672933995724,-0.0026453807950019836,0.6117384709794074,-0.008888445794582367
1746738801104936400,59.1549365234375,0.07732307184045979,-0.02238469198346138,0.03776157077081461,0.0027471166104078293,0.026046818182298585,0.9984204682453428,0.054595858917600056,right,-0.004206180572509766,-0.06284373768918709,0.7560290146227926,-9.75804758939445,-0.03243599279410367,-0.0061807758174836636,-0.0016309991478919983,0.615880173894018,-0.014395114034414291
1746738801144936400,59.1949365234375,0.07723466277641435,0.012836094945669174,0.037714067804710136,-0.00950467586517334,0.025980421825404897,0.9984180310787881,0.054474802413228295,right,-0.004078090190887451,-0.06321890327607302,0.7551484323959797,-9.757883338743447,-0.032619831582859624,-0.013267556205391884,-0.0035912469029426575,0.6195519942745566,-0.015912190079689026
1746738801184936200,59.234936279296875,0.07656198949406459,0.036726854741573334,0.037355665036448056,-0.025195300579071045,0.026574881000442818,0.9984116300556573,0.05565276285338402,right,-0.003195047378540039,-0.06345212635017398,0.7485733648546039,-9.758245157793164,-0.032749519065506646,-0.008399595506489277,-0.0037359073758125305,0.6218345522537827,-0.014025397598743439
1746738801224936200,59.274936279296874,0.07585019787785047,0.033332668244838715,0.03697025345772874,-0.009462272748351097,0.027384466812066008,0.998399282608842,0.05726091954626346,right,0.0010453462600708008,-0.06370330874840369,0.7416154354754835,-9.758619251802562,-0.0328951823866116,-0.01623575948178768,-0.0009881481528282166,0.6242928321260959,-0.0062092021107673645
1746738801264936200,59.31493627929687,0.07569489947804557,0.012915752828121185,0.03686493552763841,-0.0015757856890559196,0.027924752042563176,0.9983771107627937,0.05836281874898547,right,-0.0024779438972473145,-0.06434009875712327,0.7400697404034435,-9.758335758686066,-0.033231233318328716,-0.018859032541513443,-0.0017574280500411987,0.6305248583834618,-0.0037423372268676758
1746738801304936200,59.35493627929687,0.07573662763725639,-0.005586486309766769,0.036875287259027084,-0.0021656802855432034,0.028027978296312164,0.9983662452306894,0.05858815948722087,right,-0.000995337963104248,-0.06478217764626565,0.7404557440463453,-9.758025962084531,-0.03345663715627192,-0.003677777014672756,-0.003508329391479492,0.6348511240847409,-0.006162784993648529
1746738801344936200,59.39493627929688,0.07557929796670372,-0.013076882809400558,0.03680104600394396,-0.004099148791283369,0.027865266426655346,0.9983725588515788,0.058259982742392864,right,-0.00045120716094970703,-0.0648608059966943,0.7389167709760367,-9.758092597579955,-0.03348763918690555,-0.0027660054620355368,-0.003260381519794464,0.635620574087277,-0.008653074502944946
1746738801384936400,59.4349365234375,0.07508384330815865,-0.021704047918319702,0.036565686993061085,-0.011812971904873848,0.02751187727592423,0.9983915203205738,0.05753584048446804,right,-0.0016556978225708008,-0.06487105196869994,0.7340815328393131,-9.758450909498332,-0.03347261199459554,0.003544051432982087,-0.0025918036699295044,0.6357208195913583,-0.01079929992556572
1746738801424936200,59.47493627929688,0.07448378476235551,-0.013576136901974678,0.03627488561561628,-0.019283156841993332,0.02715104703366276,0.9984087493375021,0.05680202582109788,right,-0.0035556554794311523,-0.06510967843053037,0.728214394371584,-9.758738494268059,-0.033570162298635624,-0.014386242255568504,-0.004600919783115387,0.6380560576058923,-0.009885553270578384
1746738801464936200,59.514936279296876,0.07365235950814782,-0.0027233604341745377,0.03585017771081014,-0.017091594636440277,0.027010975987689433,0.9984120950711907,0.056529981013332495,right,-0.001859128475189209,-0.06607581949772912,0.7200548341177404,-9.758720958611368,-0.03403626898266812,-0.03209458664059639,-0.005579866468906403,0.6475102607801556,-0.007016878575086594
1746738801504936200,59.554936279296875,0.07286822719348533,0.01036940049380064,0.03543512774507723,-0.01899256929755211,0.027141236527332697,0.9984017273945032,0.0568117441544606,right,-0.0032202601432800293,-0.06734753833330508,0.7123419216528535,-9.758453247585892,-0.03466547737047743,-0.030203163623809814,-0.008353367447853088,0.6599538550287485,-0.007348082959651947
1746738801544936200,59.594936279296874,0.07211481513291941,0.015175165608525276,0.035033742674917295,-0.015974484384059906,0.02745350555073194,0.9983906935937799,0.057446494365835085,right,-0.001323103904724121,-0.06830233740720079,0.704943847290799,-9.758354463386535,-0.03514297603735916,-0.019298072904348373,-0.008550845086574554,0.6692956838697195,-0.005457356572151184
1746738801584936200,59.63493627929687,0.07165277247280652,0.010411425493657589,0.03478395859278144,-0.005656842142343521,0.027793325142640463,0.9983813893636738,0.05812838529250972,right,-0.0022478699684143066,-0.06877539104896646,0.7004122682757675,-9.7583620621711,-0.035384628463590154,-0.008363699540495872,-0.009812921285629272,0.6739238551270216,-0.003916241228580475
1746738801624936400,59.6749365234375,0.0714425868753039,0.005907338112592697,0.03467595476984742,0.0019812672398984432,0.027902149828900758,0.9983828107814077,0.05833744271281791,right,-0.0022062063217163086,-0.06873468520608805,0.698363153726235,-9.758536834216118,-0.035365013426898705,0.007794421166181564,-0.010333620011806488,0.6735256495896726,-0.00982530415058136
1746738801664936200,59.71493627929687,0.07109917343454329,-0.0014812075532972813,0.034511918774902305,-0.00965186394751072,0.02794172743814287,0.9983970664246736,0.05838474492613688,right,-0.0025370121002197266,-0.0681927009915644,0.6950377356305718,-9.759138307240605,-0.03509050094852351,0.01282582338899374,-0.009112272411584854,0.6682230131369084,-0.004696488380432129
1746738801704936200,59.75493627929688,0.07091180564035114,-0.01347869448363781,0.034429177431840714,0.007179265841841698,0.02774217353708412,0.998409926091968,0.05796991218989021,right,0.0013745427131652832,-0.06795948985721778,0.6932201648145914,-9.759423553922772,-0.03496433118893192,0.002144300378859043,-0.006574355065822601,0.6659412588752806,-0.006170876324176788
1746738801744936200,59.79493627929688,0.07122804526908165,-0.011366454884409904,0.03459880681197637,0.013048786669969559,0.02744159678074166,0.9984141917983602,0.05737551585932133,right,-0.0011268258094787598,-0.06786767335473162,0.6963108243063092,-9.759265148490666,-0.03491260388070534,0.004615238402038813,-0.008106239140033722,0.6650429217960685,-0.009948495775461197
1746738801784936200,59.834936279296876,0.07183515904932568,-0.006195069290697575,0.03491320306403428,0.021023448556661606,0.02724289663236129,0.9984140244133471,0.05698740439331564,right,-0.0003650784492492676,-0.06756110257609337,0.702250297357887,-9.759043614694475,-0.03476112566238645,0.011622713878750801,-0.0057385265827178955,0.6620434477191418,-0.012388166040182114
1746738801824936200,59.874936279296875,0.07263419774425578,0.0033588968217372894,0.03532408530253602,0.018020957708358765,0.02716894668177878,0.9984123749558279,0.05684318030404202,right,-0.0034953951835632324,-0.06691985956731121,0.7100785798307507,-9.758900406831502,-0.03444937249845212,0.014821287244558334,-0.0064406618475914,0.655769189755246,-0.01341412216424942
1746738801864936400,59.9149365234375,0.07324339411090272,0.005383937619626522,0.03563331833015886,0.014163851737976074,0.027235598200691855,0.9984078777965608,0.056978824080800704,right,-0.0021349191665649414,-0.06641709120983103,0.7160475712377578,-9.75879343932569,-0.03420909570200498,0.002199282869696617,-0.0031334981322288513,0.6508496343359351,-0.011507190763950348
1746738801904936200,59.954936279296874,0.07389855841911697,0.007868073880672455,0.035953852541500304,0.01328226737678051,0.027373077098515615,0.9983904595725969,0.05728015868805516,right,-0.0022603273391723633,-0.06650908062966639,0.7224366146877408,-9.758262693449854,-0.03426935454987118,-0.010664498433470726,-0.003335133194923401,0.6517497980460524,-0.009912565350532532
1746738801944936200,59.99493627929687,0.07448046756408587,0.005922510288655758,0.0362309545216283,0.009129399433732033,0.02750516384081041,0.998366983309884,0.05758550448778097,right,-0.00417405366897583,-0.06705247768384885,0.7280884299043565,-9.757485863858461,-0.03455408770851869,-0.01586770825088024,-0.002995908260345459,0.6570668283503502,-0.010403532534837723
1746738801984936200,60.03493627929687,0.0747775820168606,0.000824460294097662,0.03636455167280781,0.0015769470483064651,0.02762067878096039,0.9983470328144474,0.05785290574495789,right,-0.003406524658203125,-0.06772225844701256,0.7309544137947261,-9.756828276732563,-0.03489735002639492,-0.019196350127458572,-0.005121685564517975,0.6636201955165714,-0.00883784145116806
1746738802024936200,60.07493627929688,0.07464303061203764,-0.01691708154976368,0.03629444202720935,-0.003260842990130186,0.027492796923432296,0.99834496800456,0.05761033091545295,right,-0.0007343292236328125,-0.06820022879757967,0.7296179044939577,-9.756609081023932,-0.03512966217148719,-0.007439600303769112,-0.00332506000995636,0.6682966628950089,-0.008728627115488052
1746738802064936200,60.11493627929688,0.07457368338787718,-0.019605061039328575,0.03626473342590089,-0.002210589125752449,0.027124917377677315,0.9983474123193148,0.05689084793849621,right,-0.0030052661895751953,-0.06872095944940673,0.7289153091825544,-9.75631155938208,-0.03537558029284076,-0.019852623343467712,-0.0037115365266799927,0.6733913556855171,-0.005051575601100922
1746738802104936400,60.1549365234375,0.07452071776657171,-0.01380387507379055,0.036235743268105955,0.0005303232464939356,0.026794019374949518,0.9983412110367323,0.056261699739709695,right,-0.0005672574043273926,-0.06965217172477926,0.7283515378199518,-9.755720607751607,-0.03582826607436146,-0.026063978672027588,-0.005385689437389374,0.6825015677276999,-0.008689507842063904
1746738802144936400,60.1949365234375,0.07457393112330794,0.002807037904858589,0.036253604906034104,-0.004903187043964863,0.026683032657454524,0.9983287936669523,0.05607284478599005,right,-0.004605591297149658,-0.07047693749528113,0.728828507681936,-9.75511679663956,-0.03623722041593124,-0.012964235618710518,-0.0077364519238471985,0.6905698695015162,-0.0108649842441082
1746738802184936200,60.234936279296875,0.07426809784024115,0.015716560184955597,0.03608579326112875,-0.009673433378338814,0.02694006652391808,0.9983207225753279,0.05659151591150298,right,-0.0035251975059509277,-0.07086602857171634,0.7258250150170177,-9.755070619410276,-0.03643670534210813,-0.007468696683645248,-0.007179915904998779,0.6943760568514465,-0.00925251841545105
1746738802224936200,60.274936279296874,0.07397578012390006,0.022002870216965675,0.03592294137772769,-0.0008428115397691727,0.027366160184138073,0.9983127441086672,0.057438297006308495,right,0.00013566017150878906,-0.07096673793252178,0.7229682373464107,-9.75521265822947,-0.036498247298415956,-0.004367939196527004,-0.006600998342037201,0.6953611954312772,-0.007877767086029053
1746738802264936200,60.31493627929687,0.07374312481005006,0.013109233230352402,0.035795044181780276,0.0055909305810928345,0.027691869222111205,0.9983080342754302,0.05808233950022157,right,0.002193927764892578,-0.07096750414424936,0.7206985388487577,-9.75537983148992,-0.03650697482154182,-0.0008211592212319374,-0.005807921290397644,0.6953687211506069,-0.007136426866054535
1746738802304936200,60.35493627929687,0.07386565839040621,-0.003040783107280731,0.035849008085501836,0.005840924568474293,0.027806050134819828,0.9982993235485768,0.05832259363188717,right,-0.0016440153121948242,-0.07115240564746815,0.7218843876324593,-9.755163558390736,-0.036605265051386046,-0.006698125973343849,-0.005905471742153168,0.6971773780077696,-0.004655756056308746
1746738802344936200,60.39493627929688,0.07406341667919852,-0.0061726560816168785,0.0359470418525655,0.009990747086703777,0.027694166196271394,0.998293609386306,0.05811684983976152,right,-0.0011052489280700684,-0.071445241836418,0.723798404560238,-9.754816352388263,-0.03675047212678276,-0.004282821901142597,-0.006668321788311005,0.7000418275281787,-0.008901122957468033
1746738802384936400,60.4349365234375,0.07463350439729062,0.0013987361453473568,0.03623476498198555,0.01579216681420803,0.027639738117396524,0.9982862341197511,0.05802504947819652,right,-0.0023532509803771973,-0.0713476595667218,0.7293645142547786,-9.754470315429568,-0.036707999614504695,0.008012962527573109,-0.007318638265132904,0.6990873032823205,-0.010972704738378525
1746738802424936200,60.47493627929688,0.07540081836762576,0.010270006954669952,0.03662169803000566,0.021536577492952347,0.027780754360176733,0.9982786717839136,0.05831234538473676,right,-0.0018104314804077148,-0.07074269715990644,0.7368807351037859,-9.754327692088484,-0.036421925622466045,0.01752983033657074,-0.00502651184797287,0.6931696036711334,-0.010439708828926086
1746738802464936200,60.514936279296876,0.07628042440387058,0.011194667778909206,0.03706305602245695,0.018733272328972816,0.027955449091890076,0.9982674170130855,0.05867175961250258,right,-0.004090428352355957,-0.07016381709911476,0.7454908886693418,-9.75407400958836,-0.03615188166563839,0.01043456420302391,-0.0038970783352851868,0.6875068286690861,-0.009683500975370407
1746738802504936200,60.554936279296875,0.07694871649288551,0.0039170910604298115,0.03739615539852507,0.013614436611533165,0.02807239970788835,0.9982559350212393,0.05891994024035315,right,-0.003756105899810791,-0.069902311725004,0.7520230669170618,-9.753752522549032,-0.0360353467919832,-0.00039596669375896454,-0.003792114555835724,0.6849485955536365,-0.01056472584605217
1746738802544936200,60.594936279296874,0.07748460657180861,-0.0012661865912377834,0.03765856789331969,0.013000265695154667,0.028080635728140062,0.9982405728499438,0.058966698198733666,right,-0.0032652616500854492,-0.07017649494205283,0.7572353216726333,-9.75316040187478,-0.036180588112699745,-0.013091267086565495,-0.0031045451760292053,0.6876308203749358,-0.008929681032896042
1746738802584936200,60.63493627929687,0.07798074959972084,-0.002477176720276475,0.03789837126642029,0.006323192734271288,0.028047892226969712,0.9982224525716625,0.05894066660308142,right,-0.0029912590980529785,-0.07071546769902415,0.7620452061723917,-9.75241279837787,-0.036456044227417,-0.012523134239017963,-0.003983296453952789,0.6929032808851451,-0.011031892150640488
1746738802624936400,60.6749365234375,0.07813014827377027,-0.0017558253603056073,0.037969219458899243,0.002733397763222456,0.02802978343452787,0.9982152779573483,0.05892049186906338,right,-0.0011170506477355957,-0.07098099829600578,0.7634878792613744,-9.75211527673602,-0.036590277151282435,-0.004153498448431492,-0.0025469213724136353,0.6955006769672035,-0.008694160729646683
1746738802664936200,60.71493627929687,0.07812219063611336,-0.0004164797719568014,0.03796203187647923,-0.0019551576115190983,0.0280249256208201,0.9982118484090907,0.05891892055589636,right,-0.0028402209281921387,-0.07119164514384275,0.7633988127384335,-9.751974991482495,-0.036695261911386244,-0.0074884528294205666,-0.00463433563709259,0.697561189693585,-0.010823473334312439
1746738802704936200,60.75493627929688,0.07775022044737426,-0.004823298193514347,0.03777805151162691,-0.0034802777227014303,0.027958485687661103,0.9982198331577226,0.058774661272633796,right,-0.0006406903266906738,-0.07125498527468832,0.7597678358249366,-9.752214060935378,-0.036718934815442805,-0.0010289577767252922,-0.0039558932185173035,0.6981807828966528,-0.007552303373813629
1746738802744936200,60.79493627929688,0.0776761655935433,-0.004392837639898062,0.037742102637315915,-0.0007604435086250305,0.027845787283088074,0.9982209266871725,0.05855405413136522,right,-0.0025209784507751465,-0.07145330247272065,0.7590349184405059,-9.752132227870822,-0.03681270922011204,-0.0064851753413677216,-0.0047277361154556274,0.7001206649180501,-0.004487767815589905
1746738802784936200,60.834936279296876,0.07765512297792762,-0.00744348019361496,0.037730882747177376,0.005901697091758251,0.027747752603372915,0.9982191978628687,0.05836769868767002,right,-0.00012987852096557617,-0.07172503723374715,0.758814919014275,-9.751958040347695,-0.03694451559017885,-0.0017655501142144203,-0.004577189683914185,0.7027786320809275,-0.00431138277053833
1746738802824936200,60.874936279296875,0.07780983231960398,0.0006680795922875404,0.03782156126946607,0.005551646463572979,0.02764587565684335,0.9982299639587537,0.058144755330383976,right,-0.0011589527130126953,-0.07111066908449375,0.7603570338897406,-9.752269005993009,-0.036635833438430694,0.03387627378106117,-0.006472378969192505,0.6967690894678235,-0.008405491709709167
1746738802864936400,60.9149365234375,0.07794330141175207,0.013035370968282223,0.037914580035607305,0.0016452986747026443,0.027730580859581154,0.9982574975211012,0.05824513153087017,right,-0.003032982349395752,-0.06925543992978674,0.761757986728847,-9.75343980333805,-0.035713670174379555,0.05386801064014435,-0.005114860832691193,0.6786203423801809,-0.007254894822835922
1746738802904936200,60.954936279296874,0.07792418567547696,0.021756839007139206,0.037925029621257426,-0.004984204191714525,0.02804428079023903,0.998282213550371,0.05879523620775301,right,-0.004501998424530029,-0.0673120002997513,0.7616727926634251,-9.754750301414727,-0.03475387045568564,0.039799612015485764,-0.004938766360282898,0.6596061375696212,-0.008126050233840942
1746738802944936200,60.99493627929687,0.07759352033640424,0.019338851794600487,0.03777377607669915,-0.003985164687037468,0.028405961712390224,0.9983052400159917,0.05944389059742029,right,-0.002502620220184326,-0.06569309928617904,0.7585289416797458,-9.756053785228728,-0.033953472827638116,0.035709500312805176,-0.004073135554790497,0.6437652290329337,-0.00842607393860817
1746738802984936200,61.03493627929687,0.07715525279198453,0.00925989169627428,0.03756824873936962,-0.012092667631804943,0.028649818020857056,0.998327996068243,0.05986569477148839,right,-0.002048969268798828,-0.06438326748261769,0.754317461464554,-9.757217568311095,-0.03330140176054531,0.021527845412492752,-0.005001075565814972,0.6309473215792327,-0.005857095122337341
1746738803024936200,61.07493627929688,0.07670715431204304,0.0008090268820524216,0.037354389938509834,-0.003222556784749031,0.02869290200831442,0.9983462073958711,0.05991038362537973,right,0.0001774430274963379,-0.06370499302158254,0.7499778248250484,-9.757979200333356,-0.032957266579420524,0.012203467078506947,-0.004727542400360107,0.6243093448694795,-0.007934536784887314
1746738803064936200,61.11493627929688,0.07656021250341835,-0.006388177629560232,0.037293403175182975,-0.004055822733789682,0.028567013473726997,0.9983605933426449,0.0596335794536014,right,-0.001554250717163086,-0.06320147412990067,0.7485678849618882,-9.75840122513771,-0.032698671033505836,0.009391019120812416,-0.0050650835037231445,0.6193814600132406,-0.00939621776342392
1746738803104936400,61.1549365234375,0.07650254760780109,-0.0039409068413078785,0.037279052388849196,0.001956838183104992,0.02839929172270932,0.9983752007806,0.05927391960936948,right,-0.001962900161743164,-0.06264593758166642,0.748031366932392,-9.758785840541124,-0.032413849589868766,0.014884401112794876,-0.005002200603485107,0.613944237395376,-0.011882670223712921
1746738803144936400,61.1949365234375,0.07655762361800064,-0.002198148285970092,0.037320664455129396,0.0028993410523980856,0.028305913472786867,0.9983876608837379,0.05906135919001435,right,-0.002639591693878174,-0.06195005010237902,0.7486013488400727,-9.759168702378869,-0.03206330857465889,0.016902178525924683,-0.0055746883153915405,0.6071331691410392,-0.011312764137983322
1746738803184936200,61.234936279296875,0.07643220216926969,0.0004438676405698061,0.03727065361872327,-0.0007352612446993589,0.028278415789786286,0.9984020570595091,0.058973635019021024,right,-0.0023998022079467773,-0.06121907770006714,0.7474110430769622,-9.759702370864153,-0.03169502470010595,0.013254176825284958,-0.004687421023845673,0.5999783654829487,-0.0101165771484375
1746738803224936200,61.274936279296874,0.0763938145213773,0.0020077545195817947,0.037257974152077565,0.0015594398137181997,0.02831508267197218,0.9984089442253865,0.05902715004237866,right,-0.002270996570587158,-0.060740662808556604,0.7470582110513001,-9.760015674597025,-0.03145667192767201,0.007677197922021151,-0.004657857120037079,0.5952954683637246,-0.010930370539426804
1746738803264936200,61.31493627929687,0.07632563548848881,0.007725846488028765,0.037225098321232046,-0.0054118437692523,0.028447560098813673,0.9984115096287371,0.05927742745762118,right,-0.0027424097061157227,-0.060409204674575764,0.7464077843185514,-9.760262927356361,-0.03129490977187476,0.0050054676830768585,-0.004844844341278076,0.5920509334845468,-0.010751374065876007
1746738803304936200,61.35493627929687,0.0760884439028198,0.008327383548021317,0.03710705612077461,-0.00495144072920084,0.028623508832455905,0.9984163730438987,0.059608470978423304,right,-0.0009252429008483887,-0.060050418597315317,0.7441087866611779,-9.760651049891115,-0.031118581510270176,0.00759961549192667,-0.005538292229175568,0.5885387971777468,-0.010879941284656525
1746738803344936200,61.39493627929688,0.07576521433563632,0.00667099142447114,0.036943041677513,-0.007714107166975737,0.02883254942890498,0.998419980633073,0.06000824302474104,right,-0.002822577953338623,-0.05982101509503396,0.7409639858294278,-9.761025143900513,-0.0310068248044839,0.0020809415727853775,-0.007188096642494202,0.5862931736754253,-0.011156603693962097
1746738803384936400,61.4349365234375,0.0752453464192471,0.0009436751715838909,0.036685670391385886,-0.001431113574653864,0.028846046716085965,0.9984315294738025,0.060013594121477186,right,-0.001121819019317627,-0.05967718433689615,0.735895815719664,-9.761493345934152,-0.03092762993362106,0.00022077804896980524,-0.005529224872589111,0.5848852065736427,-0.007492028176784515
1746738803424936200,61.47493627929688,0.07505854844846786,-0.0005593968089669943,0.03659163218235185,-0.0036009731702506542,0.028793959981740364,0.9984342601567939,0.05990940720159181,right,-0.0009569525718688965,-0.05983156414082677,0.7340656046178191,-9.761540692207216,-0.031000092504732863,-0.004571588709950447,-0.005936242640018463,0.5863964513868093,-0.009501367807388306
1746738803464936200,61.514936279296876,0.07500327952685887,-0.00019088867702521384,0.03656097575267424,-0.0009607591200619936,0.02879019741176264,0.9984324284193583,0.05990780349868008,right,-0.0029367804527282715,-0.06003067722927649,0.7335173230852932,-9.761464119839667,-0.03109866132620285,-0.005916423164308071,-0.004553735256195068,0.5883455761605874,-0.008460760116577148
1746738803504936200,61.554936279296875,0.07477422332882849,-0.0026624815072864294,0.03644009925376045,-0.008048780262470245,0.028779855622523588,0.9984305108346535,0.05989650154015358,right,-0.003543376922607422,-0.060462683489733174,0.7312623107001185,-9.761377610599993,-0.03131080824659957,-0.016449952498078346,-0.005804300308227539,0.5925744093693792,-0.00782562792301178
1746738803544936200,61.594936279296874,0.07449346514417728,0.0022301229182630777,0.03629096550268935,-0.004689164459705353,0.02878747790300501,0.9984272121270438,0.05992397253736083,right,-0.0021892786026000977,-0.06101294177497263,0.7284973029661923,-9.761256030046939,-0.0315819443516542,-0.012801770120859146,-0.0055832043290138245,0.5979606689849868,-0.00890035554766655
1746738803584936200,61.63493627929687,0.0743535052411795,0.007727058604359627,0.03620769283483791,-0.006969863083213568,0.028938108321709635,0.9984172133784005,0.0602417549015436,right,-0.0033133625984191895,-0.061550136766493124,0.7271071637820452,-9.761036249816417,-0.03185384055630177,-0.014738364145159721,-0.006737478077411652,0.6032188452415168,-0.008234657347202301
1746738803624936400,61.6749365234375,0.0741847329380436,0.006329960189759731,0.036114432833576154,-0.0048463973216712475,0.029096743614218445,0.9984119347784105,0.06056355439331774,right,-0.006162703037261963,-0.061797494074623274,0.7254486559852957,-9.761009361809492,-0.03198068390364383,-0.0014860862866044044,-0.007029585540294647,0.6056399714412167,-0.0065459758043289185
1746738803664936200,61.71493627929687,0.07381624529030674,-0.005507722496986389,0.03593081522702334,-0.010626749135553837,0.02909709627438777,0.9984188638061017,0.06055209469866757,right,-0.0021427273750305176,-0.06178790464861052,0.7218522389285266,-9.761282333531975,-0.03197033037320221,-0.0010055308230221272,-0.00587628036737442,0.6055461191453039,-0.005242746323347092
